3.477882E-08,1
1.589066,0
3.091021,0
4.59812,1
5,0
5,0
5,0
5,0
5,0
3.89648,1
0.217062,1
1.732342,0
3.285331,1
4.782756,1
5,0
0.0471345,1
1.561002,0
3.064343,0
4.558933,1
5,0
5,0
4.384833,1
0.049344,1
1.592165,0
3.110867,0
4.638489,1
5,0
5,0
5,0
5,0
4.874966,1
3.289132,1
1.8329,0
0.3924165,1
1.958392,0
3.469749,1
4.988155,0
5,0
5,0
0,1
1.586686,0
1.162845,0
9.4176,1
10.52093,1
11.79053,1
4.617759,1
4.92152,0
0.0454005,1
1.502875,0
0,1
1.53239,0
3.055789,0
4.55968,1
5,0
3.003425E-08,1
8.197554,1
14.31022,1
20,1
20,1
0,1
1.51844,0
3.03185,0
0.002934029,1
1.587103,0
2.992103,0
4.652134,1
5,0
4.92152,0
7.450581E-09,1
1.549401,0
3.091421,0
4.597981,1
0,1
1.545462,0
2.997532,0
7.450581E-09,1
1.553545,0
0.005010037,1
1.531551,0
3.050599,0
4.495426,1
5,0
5,0
5,0
4.92152,0
0.0469755,1
1.554495,0
3.06795,0
4.541341,1
5,0
4.84304,1
0.002648185,1
1.578189,0
3.097617,0
4.602035,1
1.490116E-08,1
1.541027,0
1.380381,0
0.043815,1
1.574393,0
3.103016,0
4.505966,1
5,0
5,0
4.92152,0
0.0409845,1
1.581962,0
3.090365,0
4.453465,1
1.749796E-08,1
1.548711,0
6.746788E-08,1
1.540155,0
2.939636,0
4.643048,1
5,0
4.190952E-09,1
1.535042,0
0,1
1.510622,0
3.05334,0
4.41771,1
5,0
4.92152,0
5,0
5,0
4.84304,1
0,1
1.515404,0
7.450581E-09,1
1.447203,0
2.758217,0
1.490116E-08,1
0.0495975,1
3.477882E-08,1
1.589066,0
3.091021,0
4.59812,1
5,0
5,0
5,0
5,0
5,0
3.89648,1
0.217062,1
1.732342,0
3.285331,1
4.782756,1
5,0
0.0471345,1
1.561002,0
3.064343,0
4.558933,1
5,0
5,0
4.384833,1
0.049344,1
1.592165,0
3.110867,0
4.638489,1
5,0
5,0
5,0
5,0
4.874966,1
3.289132,1
1.8329,0
0.3924165,1
1.958392,0
3.469749,1
4.988155,0
5,0
5,0
0,1
1.586686,0
1.162845,0
9.4176,1
10.52093,1
11.79053,1
4.617759,1
4.92152,0
0.0454005,1
1.502875,0
0,1
1.53239,0
3.055789,0
4.55968,1
5,0
3.003425E-08,1
8.197554,1
14.31022,1
20,1
20,1
0,1
1.51844,0
3.03185,0
0.002934029,1
1.587103,0
2.992103,0
4.652134,1
5,0
4.92152,0
7.450581E-09,1
1.549401,0
3.091421,0
4.597981,1
0,1
1.545462,0
2.997532,0
7.450581E-09,1
1.553545,0
0.005010037,1
1.531551,0
3.050599,0
4.495426,1
5,0
5,0
5,0
4.92152,0
0.0469755,1
1.554495,0
3.06795,0
4.541341,1
5,0
4.84304,1
0.002648185,1
1.578189,0
3.097617,0
4.602035,1
1.490116E-08,1
1.541027,0
1.380381,0
0.043815,1
1.574393,0
3.103016,0
4.505966,1
5,0
5,0
4.92152,0
0.0409845,1
1.581962,0
3.090365,0
4.453465,1
1.749796E-08,1
1.548711,0
6.746788E-08,1
1.540155,0
2.939636,0
4.643048,1
5,0
4.190952E-09,1
1.535042,0
0,1
1.510622,0
3.05334,0
4.41771,1
5,0
4.92152,0
5,0
5,0
4.84304,1
0,1
1.515404,0
7.450581E-09,1
1.447203,0
2.758217,0
1.490116E-08,1
0.0495975,1
3.477882E-08,1
1.589066,0
3.091021,0
4.59812,1
5,0
5,0
5,0
5,0
5,0
3.89648,1
0.217062,1
1.732342,0
3.285331,1
4.782756,1
5,0
0.0471345,1
1.561002,0
3.064343,0
4.558933,1
5,0
5,0
4.384833,1
0.049344,1
1.592165,0
3.110867,0
4.638489,1
5,0
5,0
5,0
5,0
4.874966,1
3.289132,1
1.8329,0
0.3924165,1
1.958392,0
3.469749,1
4.988155,0
5,0
5,0
0,1
1.586686,0
1.162845,0
9.4176,1
10.52093,1
11.79053,1
4.617759,1
4.92152,0
0.0454005,1
1.502875,0
0,1
1.53239,0
3.055789,0
4.55968,1
5,0
3.003425E-08,1
8.197554,1
14.31022,1
20,1
20,1
0,1
1.51844,0
3.03185,0
0.002934029,1
1.587103,0
2.992103,0
4.652134,1
5,0
4.92152,0
7.450581E-09,1
1.549401,0
3.091421,0
4.597981,1
0,1
1.545462,0
2.997532,0
7.450581E-09,1
1.553545,0
0.005010037,1
1.531551,0
3.050599,0
4.495426,1
5,0
5,0
5,0
4.92152,0
0.0469755,1
1.554495,0
3.06795,0
4.541341,1
5,0
4.84304,1
0.002648185,1
1.578189,0
3.097617,0
4.602035,1
1.490116E-08,1
1.541027,0
1.380381,0
0.043815,1
1.574393,0
3.103016,0
4.505966,1
5,0
5,0
4.92152,0
0.0409845,1
1.581962,0
3.090365,0
4.453465,1
1.749796E-08,1
1.548711,0
6.746788E-08,1
1.540155,0
2.939636,0
4.643048,1
5,0
4.190952E-09,1
1.535042,0
0,1
1.510622,0
3.05334,0
4.41771,1
5,0
4.92152,0
5,0
5,0
4.84304,1
0,1
1.515404,0
7.450581E-09,1
1.447203,0
2.758217,0
1.490116E-08,1
0.0495975,1
3.477882E-08,1
1.589066,0
3.091021,0
4.59812,1
5,0
5,0
5,0
5,0
5,0
3.89648,1
0.217062,1
1.732342,0
3.285331,1
4.782756,1
5,0
0.0471345,1
1.561002,0
3.064343,0
4.558933,1
5,0
5,0
4.384833,1
0.049344,1
1.592165,0
3.110867,0
4.638489,1
5,0
5,0
5,0
5,0
4.874966,1
3.289132,1
1.8329,0
0.3924165,1
1.958392,0
3.469749,1
4.988155,0
5,0
5,0
0,1
1.586686,0
1.162845,0
9.4176,1
10.52093,1
11.79053,1
4.617759,1
4.92152,0
0.0454005,17.71970754e-09,1
1.70063579,0
3.25056314,1
4.902293,1
1.49011612e-08,1
1.578162,0
3.107883,0
4.57036972,1
5.0,0
5.0,0
4.902293,1
4.902293,1
5.0,0
5.0,0
4.902293,1
7.450581e-09,1
0.5702436,1
3.15371418,0
4.6784296,1
5.0,0
4.25620031,1
2.56632185,1
1.03884184,0
0.0,1
1.53863692,0
3.067335,0
4.56795,1
5.0,0
5.0,0
5.0,0
4.902293,1
5.0,0
1.49011612e-08,1
1.547817,0
3.067926,0
4.50092268,1
4.902293,1
7.450581e-09,1
1.546242,0
3.07512569,0
4.3494215,1
5.0,0
5.0,0
5.0,0
5.0,0
5.0,0
4.902293,1
0.0,1
1.53356564,0
2.81444931,0
4.59266758,1
1.17653644,0
1.50800443,0
1.41477108,0
5.246404,1
0.00347615778,1
1.55454886,0
2.9708252,0
4.825296,1
5.44856071,1
4.71550369,1
1.98760581,0
3.70283937,1
4.19123459,1
1.49011612e-08,1
1.54449153,0
3.06853628,0
4.599871,1
5.0,0
5.0,0
6.237072e-09,1
4.046752,1
0.985978544,1
2.49429178,1
0.0,1
1.49613619,0
3.046224,0
4.66093826,1
11.0052023,1
10.1410923,1
4.506398,1
2.55680037,1
4.01902246,1
5.704675,1
7.4104023,1
8.3416,1
9.310661,1
10.1518841,1
11.0162516,1
5.003848,0
5.136711,1
5.52659035,1
6.01039839,1
6.60539961,1
0.0,1
0.0,1
0.786036432,1
3.15991259,0
4.645432,1
4.902293,1
4.26021671,1
2.74842644,0
1.19239378,0
0.0,1
1.4800725,0
3.13010454,0
4.712562,1
5.0,0
5.0,0
3.96676445,1
2.49475265,1
0.9776424,1
0.0,1
1.57947433,0
3.04728031,0
0.0,1
1.525119,0
3.08469439,0
4.474845,1
0.0,1
0.0,1
0.0,1
0.6470406,1
3.26480436,1
4.77362156,1
5.0,0
5.0,0
4.902293,1
5.0,0
5.0,0
0.0,1
1.48745716,0
2.99258685,0
4.45188427,1
5.0,0
5.0,0
4.902293,1
4.902293,1
4.902293,1
5.0,0
4.902293,1
0.0,1
1.36247241,0
2.95000482,0
4.41875553,1
5.0,0
4.902293,1
5.0,0
4.80458641,1
4.902293,1
0.0,1
1.52632058,0
3.13339376,0
4.419344,1
0.8164605,1
2.279652,0
3.96296978,1
5.0,0
5.0,0
4.902293,1
4.902293,1
4.902293,1
4.902293,1
4.902293,1
0.0,1
1.42222667,0
2.99268317,0
4.649787,1
5.0,0
4.902293,1
4.902293,1
4.902293,1
4.902293,1
4.902293,1
0.0,1
1.42371178,0
3.10134315,0
4.878153,1
4.902293,1
5.0,0
5.0,0
4.902293,1
4.902293,1
5.0,0
5.0,0
4.902293,1
5.0,0
4.902293,1
0.0,1
1.52745152,0
3.07030535,0
4.867721,1
5.0,0
4.902293,1
4.902293,1
5.0,0
5.0,0
4.902293,1
5.0,0
5.0,0
0.0,1
1.44173574,0
2.82159019,0
4.54928875,1
4.902293,1
5.0,0
4.902293,1
5.0,0
4.902293,1
4.80458641,1
5.0,0
5.0,0
4.902293,1
5.0,0
0.0,1
0.0,1
1.52827668,0
3.17542529,0
4.45601273,1
5.0,0
5.0,0
4.902293,1
5.0,0
5.0,0
4.902293,1
4.902293,1
0.0,1
1.62571359,0
3.14755344,0
0.0,1
0.7323216,1
3.19805264,0
4.780506,1
4.902293,1
4.902293,1
5.0,0
3.70001745,1
2.05005,0
0.4793656,1
0.0,1
0.8214501,1
3.480719,1
0.0,1
0.8469353,1
0.0,1
1.576422,0
3.094698,0
4.67955637,1
0.0,1
1.43172157,0
2.97844839,0
4.354001,1
4.902293,1
4.902293,1
5.0,0
4.902293,1
5.0,0
0.0,1
0.823469043,1
3.553314,1
4.902293,1
4.902293,1
4.902293,1
3.320091,1
1.75809753,0
0.4197124,1
0.0,1
1.5129782,0
3.124026,0
4.66938734,1
0.0,1
1.46847034,0
3.22106862,0
4.660898,1
5.0,0
4.902293,1
3.411022,1
1.93794072,0
0.3608602,1
0.0,1
1.57423234,0
2.95884466,0
4.450589,1
4.902293,1
4.00375462,1
2.51882434,1
1.00621676,0
0.0,1
1.50364053,0
3.03164887,0
4.493885,1
4.902293,1
4.902293,1
5.0,0
4.902293,1
5.0,0
4.902293,1
4.902293,1
4.902293,1
4.902293,1
3.33153319,1
1.86975646,0
0.393383145,1
0.0,1
1.62820208,0
3.09431124,0
4.75135231,1
0.0,1
1.46363115,0
2.84077358,0
1.91742325,0
3.801355,1
2.17570233,0
0.7198144,0
0.0,1
1.612944,0
2.896965,0
4.58007574,1
5.0,0
4.902293,1
0.0,1
1.49348569,0
3.07726216,0
4.399046,1
5.0,0
5.0,0
5.0,0
4.902293,1
4.902293,1
4.902293,1
5.0,0
4.902293,1
4.902293,1
0.0,1
1.67839515,0
3.016692,0
4.809298,1
5.0,0
4.902293,1
4.902293,1
5.0,0
4.902293,1
5.0,0
4.902293,1
5.0,0
4.902293,1
4.902293,1
5.0,0
0.0,1
1.5519315,0
3.10229087,0
4.14861059,1
4.902293,1
0.0,1
1.4567312,0
3.16324186,0
4.54247332,1
5.0,0
5.0,0
4.902293,1
5.0,0
4.902293,1
4.902293,1
4.902293,1
4.902293,1
5.0,0
4.80458641,1
0.0,1
1.71428251,0
3.1799643,0
4.879353,1
5.0,0
0.0,1
1.55592871,0
4.511466,1
5.0,0
5.0,0
4.27296734,1
2.64316154,0
1.12715065,1
0.0471059978,1
1.55925608,0
3.07241249,0
4.610233,1
5.0,0
5.0,0
10.4842682,1
8.021251,1
7.24502468,1
5.49858332,1
3.82345414,1
2.37329531,1
0.0,1
1.518417,0
3.04901814,0
4.582268,1
5.0,0
5.0,0
4.902293,1
11.0052023,1
10.1410923,1
9.300202,1
8.489437,1
7.71829128,1
6.999873,1
6.35209751,1
5.79868841,1
5.368906,1
5.094137,1
5.000004,0
5.09652472,1
5.44836044,1
5.90707541,1
6.48283672,1
7.14741373,1
7.87836266,1
7.875452,1
8.286168,1
0.425405055,1
0.049695,1
1.56928957,0
3.004881,0
4.641246,1
5.0,0
5.0,0
5.0,0
5.09532738,1
5.37116766,1
5.80183125,1
6.355924,1
7.004214,1
0.0,1
0.0,1
0.0,1
0.0,1
0.0,1
1.53032553,0
3.027651,0
4.533042,1
4.94268036,1
3.43129587,1
1.89515519,0
0.372064263,1
0.0,1
1.55803335,0
3.06694531,0
2.288021,1
0.0899310037,1
1.616427,0
3.12260771,0
10.6600418,1
9.970867,1
8.971818,1
8.175583,1
7.423714,1
6.731094,1
6.11787844,1
5.09636736,1
3.29822087,1
1.51808107,0
0.0,1
1.429251,0
2.9375298,0
3.10094333,0
1.57408738,0
0.0,1
1.42828643,0
2.944458,0
4.445649,1
4.90240526,1
3.40698218,1
1.84506941,0
0.333513379,1
0.0,1
1.54761577,0
3.072239,0
4.30472,1
2.77581358,0
1.24966717,0
0.0,1
1.52925742,0
3.07973719,0
2.93927169,0
1.324827,0
0.0,1
1.52129877,0
3.05053973,0
4.55268955,1
5.0,0
3.79524326,1
2.27076626,1
0.754741669,1
0.0491894968,1
1.5789628,0
3.10747337,0
4.54139042,1
4.902293,1
5.0,0
4.377032,1
2.84109735,0
1.30673552,0
0.0,1
1.539531,0
2.92765045,0
4.471956,1
5.0,0
5.0,0
5.0,0
5.0,0
10.8307877,1
9.970867,1
9.135379,1
8.331677,1
7.569893,1
6.863995,1
6.23300076,1
5.701832,1
5.300584,1
5.03380442,1
5.015863,0
5.186839,1
5.52923441,1
6.01384163,1
6.60945272,1
6.516274,1
6.670977,1
7.3007,1
0.0,1
1.519512,0
2.86930537,0
4.569387,1
5.0,0
4.05242062,1
5.21732473,1
3.741845,1
0.0,1
1.54665887,0
3.04605842,0
4.55066633,1
7.071068,1
6.29395,1
5.751159,1
5.33503342,1
5.076815,1
3.85769272,1
2.558336,1
2.21622539,1
0.0,1
1.557018,0
3.105521,0
4.641404,1
5.0,0
6.93372154,1
6.29395,1
5.751159,1
5.33503342,1
5.076815,1
5.00102425,0
5.115775,1
4.56903362,1
3.966161,1
4.15171528,1
0.401411951,1
1.83390629,0
3.34191155,1
4.84453869,1
6.415011,1
5.850594,1
5.406594,1
5.11446762,1
5.00090265,0
5.077893,1
5.0,0
5.0,0
4.902293,1
4.51365471,1
2.99950838,0
0.316401,1
1.81778848,0
3.34102821,1
4.86121941,1
0.0,1
1.54737926,0
2.990822,0
4.50278044,1
6.539718,1
5.95483446,1
5.48424244,1
5.159312,1
5.00847244,0
5.047358,1
5.0,0
5.0,0
5.509425,1
0.0,1
5.0,0
5.0,0
4.00590467,1
0.2575319,1
1.537662,0
0.0,1
1.51787543,0
3.06039143,0
4.558635,1
3.73531365,1
0.8318205,1
2.33663368,1
0.7885122,1
0.0,1
4.88732767,1
4.818783,1
4.692996,1
5.0,0
0.0,1
4.47472858,1
0.0,1
1.81774771,0
3.64801121,1
3.49663043,1
0.35112983,1
1.86080158,0
1.78559291,0
3.09805274,0
4.78602457,1
5.0,0
5.0,0
5.0,0
4.14509726,1
2.60022449,1
0.400272,1
1.91881633,0
3.42650843,1
4.902293,1
5.0,0
6.667867,1
6.06363344,1
5.56772566,1
5.21116161,1
4.26085663,1
2.82359028,0
2.057753,1
3.82899761,1
5.04672,1
6.71166563,1
8.33703,1
9.390938,1
5.0,0
4.362776,1
4.50049829,1
5.17798042,1
6.353479,1
3.07458854,0
6.526776,1
6.176749,1
5.656784,1
5.26981,1
5.04651451,1
5.0,0
5.0,0
5.0,0
5.0,0
5.0,0
4.902293,1
4.902293,1
5.0,0
5.0,0
5.0,0
5.0,0
5.0,0
5.0,0
5.0,0
5.0,0
6.667867,1
5.95483446,1
5.48424244,1
5.0,0
5.0,0
5.0,0
4.5213995,1
1.1233151,1
2.94656134,0
4.76959944,1
6.236705,1
6.86824465,1
5.0,0
3.67161036,1
2.15662551,1
0.6339681,1
0.0,1
1.527372,0
3.056247,0
3.21971869,0
1.67869043,0
0.210197955,1
0.0,1
1.54829431,0
5.371862,1
5.718938,1
5.48424244,1
5.159312,1
5.00847244,1
5.047358,1
1.67168045,0
3.09701514,0
4.78750467,1
6.552709,1
5.0,0
4.09812641,1
2.585546,1
1.0852071,0
0.0,1
1.42670119,0
5.5316925,1
5.83548975,1
5.656784,1
5.26981,1
5.04651451,1
5.00883675,1
5.0,0
1.44912553,0
3.2638402,0
5.204287,1
6.355924,1
7.004214,1
5.0,0
4.238555,1
2.68971539,1
1.17728937,0
0.0,1
0.915425062,1
1.81678319,0
2.62757754,0
2.90229321,0
2.90229321,0
3.0,0
3.0,0
3.0,0
3.0,0
3.0,0
3.0,0
2.90229321,0
0.46937415,1
1.39925957,0
2.296189,1
3.0,0
3.0,0
3.0,0
3.0,0
3.0,0
3.0,0
2.90229321,0
3.0,0
3.0,0
3.0,0
3.0,0
0.605730534,1
1.51404309,0
2.36936283,1
2.90229321,0
2.90229321,0
3.0,0
3.0,0
3.0,0
3.0,0
3.0,0
3.0,0
3.0,0
2.90229321,0
3.0,0
0.436045527,1
1.36880183,0
2.2706604,1
3.0,0
3.0,0
3.0,0
3.0,0
3.0,0
3.0,0
2.90229321,0
2.90229321,0
3.0,0
3.0,0
3.0,0
3.0,0
0.375774324,1
1.21204424,0
2.14546919,0
2.90229321,0
3.0,0
3.0,0
3.0,0
3.0,0
3.0,0
3.0,0
3.0,0
2.90229321,0
2.377148,1
1.562521,0
0.0535464026,1
0.98764205,1
0.0,1
0.820839465,1
1.71176314,0
1.1426599,0
2.16112256,1
2.32341051,1
1.417407,0
0.1311876,1
1.04582512,0
1.9821465,1
2.888975,0
3.0,0
3.0,0
0.157134458,1
1.189639,0
2.127656,1
3.0,0
3.0,0
2.90229321,0
2.32869816,1
0.0869094059,1
1.02886367,0
1.95940268,0
2.892449,0
1.942558,0
0.464183,1
1.38576663,0
0.173155516,1
1.09535384,1
0.361563325,1
1.1884445,0
0.221247017,1
0.0,1
0.9581932,1
0.670572162,1
0.816807568,1
0.275833815,1
0.8163305,1
0.0,1
0.8865936,1
0.6868332,1
0.9774819,1
0.6803397,1
0.3997656,1
0.0,1
0.843385339,1
0.04447248,1
0.17174688,1
0.154456109,1
1.16609108,0
0.598291159,1
0.0,1
0.9373697,1
0.7097814,1
0.2894013,1
1.21811306,0
0.6763274,1
0.352316082,1
0.5805099,1
0.0,1
0.6288804,1
0.0,1
0.0,1
0.2638863,1
0.0893816948,1
0.1848987,1
0.2119923,1
0.08855269,1
0.283326179,1
0.208177954,1
0.2500974,1
0.0,1
0.0,1
0.0,1
0.2563236,1
0.0,1
0.124626592,1
0.2801367,1
0.115251191,1
0.340771526,1
0.58772254,1
0.0823167041,1
0.273455977,1
0.0,1
0.509196639,1
0.197510242,1
0.505473256,1
0.3419136,1
0.4909536,1
0.2800179,1
0.493345857,1
0.432128668,1
0.335159123,1
0.372577518,1
0.2706489,1
0.196264684,1
0.176152378,1
0.04926317,1
0.0,1
0.0,1
0.5940134,1
0.147792488,1
0.0,1
0.256973326,1
0.3255398,1
0.0,1
0.6576488,1
0.221165925,1
0.0,1
0.695329249,1
0.0,1
0.2137869,1
0.35961926,1
0.348961443,1
0.414137721,1
0.6116958,1
0.5012145,1
0.0,1
0.0,1
0.402640074,1
0.222945184,1
0.0,1
0.941208363,1
1.87242675,0
2.43770671,1
2.1426897,1
0.6175368,1
0.17382592,1
0.667076349,1
0.1505655,1
0.390607119,1
0.6882173,1
0.334353656,1
0.8002179,1
0.2308886,1
0.0,1
0.9071685,1
0.362900674,1
0.0,1
0.3186522,1
0.1813572,1
0.0,1
0.15377292,1
0.168508679,1
0.0,1
0.122146204,1
0.962154865,1
1.95544958,0
2.97919559,0
3.0,0
3.0,0
0.0,1
0.0,1
0.0,1
0.0,1
0.6789439,1
0.192869112,1
0.4311486,1
0.3079683,1
0.24934122,1
0.336298376,1
0.102872834,1
0.0,1
0.276876837,1
0.4642263,1
1.35228515,0
0.169131577,1
0.231076777,1
0.1274427,1
0.04767648,1
0.0,1
0.1568636,1
0.6364323,1
0.7508377,1
0.5636088,1
0.1637496,1
0.280343652,1
0.46693334,1
0.0,1
0.2698254,1
0.222728282,1
0.277748078,1
0.5259195,1
0.0,1
0.627016544,1
0.1697373,1
0.356570065,1
0.344956517,1
0.0,1
0.2920473,1
0.373599917,1
0.415826082,1
0.424640715,1
0.6257385,1
0.5446709,1
0.5697881,1
0.0,1
0.825527549,1
1.75093365,0
2.764717,0
3.0,0
3.0,0
2.81472325,0
0.7868133,1
1.62572932,0
2.65836334,0
3.0,0
2.64313841,0
0.7723943,1
0.0,1
0.9288395,1
0.502770662,1
0.8225262,1
0.485217065,1
1.20749927,0
0.47810787,1
0.3329433,1
0.7570765,1
0.0,1
0.443557739,1
0.0,1
0.939473033,1
0.197926223,1
1.00842834,1
0.0234484747,1
1.04785728,0
0.471775472,1
0.9868564,1
0.2992203,1
0.0,1
0.8426906,1
0.0,1
0.8893279,1
0.4604103,1
0.489743084,1
0.578698158,1
0.1559835,1
0.736876845,1
0.2533491,1
1.15524709,0
0.6764364,1
0.0,1
0.8689995,1
0.729906261,1
0.0,1
0.9558576,1
0.439902037,1
0.0411623977,1
0.936234,1
0.5778126,1
0.0,1
0.9248058,1
0.2787121,1
0.0,1
0.5062904,1
0.0,1
0.9156401,1
0.48387593,1
0.0,1
0.8153098,1
1.66517079,0
0.756232142,1
0.0,1
0.8185725,1
0.618948042,1
0.327683717,1
0.545447648,1
0.0,1
0.8046153,1
0.247927666,1
0.0,1
0.830544233,1
0.22829774,1
0.0,1
0.825902045,1
0.7187544,1
0.371098042,1
0.214406341,1
0.5633244,1
0.6951539,1
0.6223773,1
1.54215109,0
0.5889368,1
1.51449656,0
0.8546085,0
1.62319517,0
2.06241322,1
1.76571894,0
2.48038626,1
1.72185349,0
2.63068151,1
1.70341563,0
2.64866114,1
1.90710163,0
2.40673375,1
2.04438925,1
2.258618,1
2.12528682,1
1.965195,0
2.172159,1
1.639544,0
1.89309645,0
1.22382951,0
1.81786108,0
0.888860345,1
1.45447,0
0.542132735,1
0.0,1
0.8198191,1
0.0,1
0.8160796,1
1.3734,0
2.39859486,1
4.316399,1
0.434142,1
0.0,1
0.366699427,1
0.0,1
0.201010525,1
0.0,1
0.300887942,1
0.103800595,1
0.995244265,1
0.158100426,1
0.5228883,1
0.0,1
0.139788836,1
0.0,1
0.9363923,1
0.0,1
0.6766569,1
0.0,1
0.9426951,1
0.187852383,1
0.3948264,1
1.05011368,0
0.546698,1
1.31064677,0
0.40636456,1
1.32973135,0
0.539256036,1
0.6318795,1
0.61374253,1
0.1236123,1
0.4168134,1
0.0,1
0.646522164,1
0.0,1
0.897281,1
0.0,1
0.79838,1
0.0,1
3.82280064,1
2.99371123,0
2.63455772,1
2.9287982,0
3.00170636,0
3.18922472,0
0.0,1
0.0,1
0.8054844,1
0.394125551,1
1.678418,0
2.99809384,0
4.51646233,1
5.11802053,1
1.49105084,0
4.221723,1
3.45119977,1
2.96201038,0
3.187127,0
3.001504,0
3.0,0
3.0,0
3.0,0
0.0,1
0.0,1
0.644757748,1
1.74745381,0
2.79923177,0
0.0,1
0.7801198,1
2.028792,1
2.41194153,1
4.80534267,1
3.959654,1
3.43803835,1
3.42293787,1
3.0,0
3.0,0
3.0,0
0.0,1
2.58251071,1
0.741698861,1
2.08696151,1
3.42037964,1
4.63381,1
5.418814,1
3.0,0
2.45441461,1
0.0,1
0.9110125,1
4.781631,1
4.40559149,1
3.87292743,1
3.34009027,1
3.01409984,0
3.07828236,0
0.0,1
0.0,1
3.0,0
3.0,0
3.0,0
3.0,0
3.0,0
3.0,0
0.0,1
0.0,1
0.0,1
0.443059266,1
1.70928657,0
3.20155287,0
4.542178,1
5.4610734,1
2.90229321,0
2.90229321,0
2.48046684,1
1.62013459,0
0.6830706,1
0.0,1
0.9206145,1
6.27801,1
5.72944736,1
5.03045273,1
4.28313637,1
3.64825773,1
3.131748,0
3.00112581,0
3.18282723,0
3.63025427,1
4.260495,1
2.90229321,0
3.0,0
3.0,0
3.0,0
3.0,0
0.2423565,1
1.05481958,1
0.0,1
0.9400555,1
0.2608515,1
0.467079222,1
0.424025029,1
0.0,1
0.06875999,1
0.0,1
0.9238599,1
1.31072021,0
0.380184084,1
0.219781816,1
0.606981635,1
0.0,1
0.921265244,1
0.208001047,1
0.710874,1
0.199412972,1
0.5627115,1
0.883224845,1
0.1171737,1
0.999911666,1
0.0,1
0.9438012,1
0.31165278,1
0.353381276,1
0.430527359,1
0.719416857,1
0.839474,1
0.0,1
0.830979645,1
1.34876764,0
1.21795273,1
0.303901017,1
1.13348317,1
0.920274,1
0.0,1
0.428556621,1
0.0,1
0.6621093,1
0.0,1
0.44552967,1
0.0,1
0.8309034,1
0.06832806,1
0.5153229,1
0.0,1
0.377901763,1
0.0,1
0.852198362,1
0.0,1
0.8471934,1
0.342597544,1
0.7957001,1
0.7164371,1
0.571174562,1
0.342375278,1
0.0,1
0.2544633,1
0.0700389,1
0.350048631,1
0.0,1
0.248270363,1
0.4631364,1
0.7747434,1
0.382619619,1
0.217522621,1
0.2421243,1
0.0,1
0.514575839,1
0.2985327,1
0.150568992,1
0.303184867,1
0.6011324,1
0.4810491,1
0.648859441,1
0.3457827,1
1.252392,1
1.50114048,0
1.22991371,1
2.15934682,0
1.60798454,0
2.03324318,1
1.45737541,0
2.164229,0
1.32545018,0
0.424236178,1
0.0,1
0.5808375,1
0.0,1
0.561878,1
0.0,1
0.94834435,1
0.3470956,1
0.385648072,1
0.5355386,1
0.1191364,1
0.0,1
0.2526633,1
0.0,1
0.172722638,1
0.0,1
0.2553505,1
0.0,1
0.391765445,1
0.17724511,1
0.652196765,1
0.173055619,1
1.08138525,1
0.4395585,1
1.20230746,1
2.1389153,1
2.90229321,0
2.90229321,0
3.0,0
3.0,0
3.0,0
2.61433554,0
1.73241162,0
0.5112215,1
1.66043079,0
2.60369635,1
3.0,0
3.0,0
3.0,0
2.687473,0
1.81687224,0
0.183619708,1
1.26575184,1
2.177707,0
3.0,0
3.0,0
3.0,0
2.90229321,0
2.90229321,0
2.90229321,0
2.81783915,0
0.790840864,1
1.71253872,0
2.61313057,1
3.0,0
3.0,0
3.0,0
3.0,0
2.90229321,0
2.90229321,0
0.219198465,1
1.30928147,0
2.19835448,1
2.90229321,0
2.90229321,0
3.0,0
3.0,0
3.0,0
3.0,0
3.0,0
0.4889385,0
1.32062042,0
2.23343444,1
3.0,0
3.0,0
3.0,0
3.0,0
3.0,0
3.0,0
3.0,0
2.90229321,0
6.18734646,1
5.35055637,1
4.5714736,1
3.884972,1
3.348487,1
3.04244041,0
3.03730845,0
1.52878606,0
2.798549,1
4.1222744,1
5.32425165,1
6.33162737,1
11.9022932,1
12.0,1
12.0,1
12.0,1
11.0484877,1
1.85405827,0
0.934959531,1
0.0,1
5.879605,1
5.163201,1
4.58051443,1
4.012493,1
3.440133,1
3.08117676,0
3.01288986,0
3.253626,1
3.1472528,0
3.46372652,1
4.205613,1
5.294899,1
1.38522255,0
0.348459244,1
0.0,1
0.905374765,1
1.92703438,0
1.04982483,1
0.08362157,1
3.84609246,1
7.54596233,1
11.173295,1
12.0,1
12.0,1
2.783396,1
1.86166453,0
0.950921535,1
0.0,1
3.72107148,1
7.369942,1
10.9613829,1
12.0,1
12.0,1
11.9022932,1
11.9022932,1
12.0144272,1
3.32788777,1
3.23793769,0
3.87542629,1
4.71164465,1
0.192156166,1
1.2217834,0
2.1289978,1
13.0073195,1
12.6611786,1
12.0,1
12.0,1
0.0,1
2.81160927,0
1.900028,0
0.0,1
1.35140169,0
2.85326123,0
4.211281,1
5.09666967,1
3.0,0
3.0,0
2.24166965,1
1.3161546,0
0.0,1
5.49104834,1
4.807244,1
4.41479826,1
3.884972,1
3.26606846,1
2.89483142,0
2.05429149,1
1.94713748,0
2.63588476,1
0.0,1
0.938387632,1
1.8648088,0
1.70004737,0
0.704848945,1
5.804508,1
4.703759,1
4.21847153,1
4.012493,1
3.440133,1
3.03568363,0
2.065356,1
1.68171573,0
2.4433856,1
0.0,1
3.715549,1
7.32064342,1
10.91765,1
12.0,1
12.0,1
1.1801132,0
4.79649353,1
8.91165,1
12.0,1
12.0,1
0.4816404,1
3.994946,1
7.76043749,1
11.5626373,1
12.0,1
2.52182412,1
1.59702373,0
0.678347051,1
0.0,1
0.924391866,1
1.82587409,0
2.73546886,1
3.0,0
3.0,0
2.90229321,0
2.90229321,0
2.90229321,0
2.90229321,0
3.0,0
2.90229321,0
2.90229321,0
3.0,0
3.0,0
3.0,0
2.90229321,0
3.0,0
6.35965252,1
5.35055637,1
4.5714736,1
3.884972,1
3.348487,1
3.04244041,0
3.03730845,0
3.33448124,1
3.86484265,1
4.69675732,1
5.39849854,1
5.60769558,1
6.7343297,1
7.922465,1
6.708204,1
5.847253,1
5.03045273,1
4.14538145,1
3.54029036,1
3.131748,0
3.00112581,0
3.18282723,0
3.63025427,1
4.260495,1
2.90229321,0
2.90229321,0
5.847253,1
5.03045273,1
4.28313637,1
3.64825773,1
3.19359183,0
3.00216532,0
3.12276888,0
3.63025427,1
4.260495,1
5.004959,1
5.819977,1
6.679773,1
3.0,0
0.1277235,1
1.03163028,1
1.95322132,0
2.82775021,0
12.0,1
11.9022932,1
11.9022932,1
12.0,1
11.8263893,1
2.4409833,1
2.60129666,1
3.34018469,1
0.0,1
5.105926,1
4.452224,1
4.15563345,1
3.54029036,1
3.131748,0
3.00112581,0
3.18282723,0
3.63025427,1
4.260495,1
3.0,0
2.74736834,1
1.8228904,0
1.97809243,1
3.0,0
2.82208347,0
1.94031823,0
0.659329236,1
1.24539137,0
0.5719094,1
0.0435132,1
0.7913295,1
0.3183732,1
1.2417624,0
2.02335525,1
3.0,0
3.0,0
0.554961562,1
1.46588123,0
0.0668088049,1
1.007299,1
1.83680487,0
0.147933781,1
1.18898559,0
2.11820745,1
0.64787674,1
1.54918277,0
2.474105,1
3.0,0
2.90229321,0
2.90229321,0
2.65266919,1
1.77087069,0
0.9034794,1
0.42182824,1
1.32881963,0
2.169931,1
2.90229321,0
2.90229321,0
2.90229321,0
3.0,0
3.0,0
3.0,0
2.332347,1
0.0391257033,1
0.876274943,1
1.77759147,0
2.69200468,1
3.0,0
3.0,0
2.90229321,0
2.90229321,0
3.0,0
11.9022932,1
12.0,1
12.0,1
3.0,0
3.0,0
0.499984324,0
1.83911455,0
2.14268947,1
3.0,0
3.0,0
0.142919868,1
5.15468168,1
4.56050062,1
4.28313637,1
3.64825773,1
3.19359183,0
2.78685856,0
2.140027,1
2.25532913,1
0.0,1
5.1048,1
4.45337,1
4.143313,1
3.648258,1
3.193592,0
3.00216532,0
3.18282723,0
3.630254,1
4.26049471,1
2.57191777,1
1.6736536,0
2.288293,1
2.51706719,1
1.58299661,0
0.0553941,1
0.91085124,1
1.73943448,0
1.73943448,0
0.462926656,1
1.37218571,0
2.289601,1
3.0,0
3.0,0
2.648819,1
0.196963191,1
1.1108942,1
2.04818845,1
2.860766,0
2.90229321,0
6.5333066,1
5.67973661,1
4.87436533,1
4.012493,1
3.440133,1
3.08117676,0
3.01288986,0
3.253626,0
3.74424672,1
4.401977,1
5.163346,1
6.15955,1
7.03258,1
7.93089,1
8.846785,1
3.0,0
2.90229321,0
2.90229321,0
6.0,1
4.91766357,1
4.275327,1
3.987905,1
3.54029036,1
3.131748,0
3.00112581,0
2.79382539,0
2.62401915,1
3.1077075,0
1.07763767,1
5.94882727,1
5.308354,1
4.5714736,1
3.884972,1
3.348487,1
3.04244041,0
3.03730845,0
3.33448124,1
3.86484265,1
3.0,0
3.0,0
2.90229321,0
2.90229321,0
2.90229321,0
3.0,0
2.90229321,0
3.0,0
0.7195014,1
1.699228,0
2.52120948,1
2.90229321,0
3.0,0
3.0,0
3.0,0
3.0,0
3.0,0
3.0,0
3.0,0
2.90229321,0
2.90229321,0
3.10095334,0
3.481099,0
4.06754351,1
4.7850275,1
5.58325958,1
2.90229321,0
2.90229321,0
3.0,0
3.15632081,0
3.58461213,1
4.20252848,1
4.93940973,1
3.0,0
2.4992733,1
1.59040427,0
0.7541692,1
0.0,1
1.529976,0
3.07508373,0
4.56450748,1
5.0,0
5.0,0
5.0,0
5.0,0
5.0,0
5.0,0
7.084516,1
6.426932,1
5.86048269,1
5.41385126,1
5.118499,1
5.00129938,1
5.07461166,1
5.40173531,1
5.843956,1
5.0,0
7.513001,1
6.81215334,1
6.18792439,1
5.665695,1
5.27584267,1
5.025579,1
5.022474,1
5.207568,1
4.531936,1
0.438426733,1
2.23865175,1
3.581839,1
1.18824434,0
5.609869,1
4.89574337,1
4.841429,1
5.414338,1
5.27584267,1
5.049124,1
5.00774431,1
5.15616941,1
5.478995,1
5.94789028,1
5.0,0
5.0,0
0.6837692,1
2.1980927,1
3.87347245,1
5.0,0
7.084516,1
6.426932,1
5.86048269,1
5.41385126,1
5.118499,1
5.00129938,1
5.111789,1
5.40173531,1
5.843956,1
6.406997,1
4.99931526,0
6.264409,1
7.74094439,1
8.999411,1
7.22976732,1
2.49244046,1
4.13726234,1
5.0,0
5.0,0
5.0,0
5.0,0
5.0,0
7.22484,1
6.551981,1
5.96517563,1
5.4920764,1
5.1640296,1
5.00961351,1
5.04479647,1
5.26578,1
5.74484348,1
6.28618145,1
6.924857,1
7.63648748,1
8.402556,1
5.0,0
5.0,0
5.0,0
7.66055441,1
6.946899,1
6.30550861,1
5.76057148,1
5.34169054,1
5.080142,1
5.00067568,1
5.111789,1
5.478995,1
5.24187469,1
0.0,1
2.80875731,0
7.113006,1
5.15628147,1
4.87296724,1
5.180436,1
5.34169054,1
5.080142,1
5.00067568,1
5.111789,1
5.40173531,1
5.30597258,1
2.721123,1
1.21730387,0
0.216778636,1
1.71930635,0
3.06591654,0
1.56483674,0
0.0,1
1.605675,0
3.126972,0
4.65101576,1
4.902293,1
5.0,0
5.0,0
5.0,0
5.09532738,1
5.37116766,1
5.903776,1
6.478892,1
7.14298439,1
7.873572,1
4.902293,1
4.902293,1
5.0,0
5.0,0
5.0,0
5.0,0
4.902293,1
4.902293,1
7.513001,1
6.81215334,1
6.18792439,1
5.665695,1
5.216547,1
5.025579,1
5.022474,1
5.26578,1
5.65080738,1
3.20034361,0
5.0,0
4.902293,1
5.0,0
5.0,0
0.0815850049,1
1.62925792,0
3.15988183,0
4.68207026,1
4.902293,1
4.902293,1
5.0,0
5.0,0
3.541858,0
2.46429539,1
2.77152729,0
3.91261435,1
5.48607,1
5.69726133,1
6.924759,1
3.39295,1
7.03849745,1
6.426932,1
5.86048269,1
5.41385126,1
5.118499,1
5.00129938,0
5.111789,1
5.40173531,1
5.843956,1
5.0,0
5.0,0
5.0,0
4.902293,1
7.513001,1
6.81215334,1
6.18792439,1
5.665695,1
5.216547,1
5.025579,1
5.022474,1
5.207568,1
5.30468,1
3.16017437,0
0.862303555,1
2.65433,1
6.854741,1
6.442687,1
4.06635427,1
4.08556557,1
4.86935949,1
5.0801425,1
5.00774431,1
5.15616941,1
5.47899437,1
5.94789028,1
0.0,1
1.52313447,0
3.04512143,0
4.6232233,1
5.0,0
4.902293,1
4.902293,1
5.003848,1
5.136711,1
5.4459,1
5.903776,1
6.60539961,1
7.28439665,1
8.0261,1
5.0,0
5.0,0
4.902293,1
5.0,0
7.513001,1
6.81215334,1
6.074403,1
5.57611036,1
5.216547,1
5.025579,1
5.022474,1
5.26578,1
5.65080738,1
6.16924047,1
6.790593,1
7.48929262,1
7.775186,1
2.82092428,0
1.350177,0
3.12878013,0
4.95496,1
4.902293,1
5.0,0
4.902293,1
5.0,0
0.982548237,1
2.70562649,1
4.29159451,1
5.0,0
0.04621669,1
1.71106637,0
3.26078653,1
4.822811,1
4.902293,1
0.235240459,1
0.0,1
0.0,1
0.0,1
5.0,0
3.72952032,1
1.02783954,1
2.85263467,0
3.92265081,1
3.38972521,1
1.74090123,0
0.296330571,1
1.12944746,1
5.69131327,1
4.625235,1
3.139339,0
1.87980211,0
1.83843982,0
3.15368629,0
4.845028,1
5.40173531,1
5.843956,1
4.902293,1
5.0,0
4.26966953,1
0.33351,1
1.87676835,0
3.420249,1
1.03800929,1
2.59118128,1
4.11708736,1
4.902293,1
7.367717,1
6.680453,1
6.074403,1
5.57611036,1
5.216547,1
5.00961351,1
5.04479647,1
4.542888,1
3.77272868,1
3.65231657,1
2.0781796,1
0.998148263,1
1.16165543,1
5.878553,1
6.01435,1
5.96517563,1
5.4920764,1
5.1640296,1
4.186542,1
2.75553155,0
2.13857937,1
0.0,1
1.67621875,0
3.26815677,1
5.06893539,1
5.5,1
5.5,1
5.58680248,1
5.839473,1
5.969575,1
5.265721,1
5.402248,1
0.0,1
1.73758018,0
3.42371178,1
5.10889626,1
5.5,1
5.402293,1
5.402293,1
5.402293,1
5.5,1
5.5,1
5.402293,1
5.402293,1
5.402293,1
5.5,1
5.50349855,1
5.624571,1
5.90828466,1
6.332817,1
6.99151659,1
0.0,1
5.5,1
5.5,1
4.751408,1
0.486844569,1
2.137694,1
3.75824285,1
5.5,1
7.579467,1
6.94107056,1
6.390095,1
5.950874,1
5.64953136,1
5.5011816,1
5.567916,1
5.802163,1
6.18491936,1
5.402293,1
3.64842749,1
1.75436735,0
0.0,1
1.47451663,0
3.12323928,0
4.668765,1
5.1,1
5.1,1
5.1,1
1.26678169,0
2.74503016,0
4.28681946,1
5.002293,0
5.002293,0
5.002293,0
4.60791063,1
2.99652743,0
1.42976141,0
0.0,1
1.60374141,0
3.13120031,0
4.64064932,1
5.1,1
5.1,1
5.002293,0
5.002293,0
5.002293,0
5.1,1
1.17985642,1
2.71689773,1
4.277782,1
5.1,1
5.1,1
5.002293,0
5.002293,0
5.002293,0
5.1,1
0.204053029,1
1.79296875,0
3.32842779,1
4.89157534,1
5.002293,1
5.002293,1
5.1,1
5.1,1
5.1,1
5.1,1
5.1,1
5.002293,1
5.002293,1
5.1,1
5.16003,1
2.05171061,1
3.77203965,1
5.59930658,1
5.1,1
5.1,1
0.0,1
5.1,1
5.1,1
5.1,1
0.0,1
5.1,1
5.1,1
3.983871,1
2.39833283,1
1.0620116,1
1.89217162,0
0.795184,1
3.7182107,1
5.1,1
5.1,1
1.32212043,0
2.86545467,0
6.830717,1
6.628609,1
5.14965725,1
0.0,1
0.0,1
1.22348976,1
0.9695547,1
2.540991,1
4.32298565,1
6.158762,1
6.352521,1
2.457813,1
5.41408968,1
4.75576258,1
4.63500071,1
5.338615,1
5.26091242,1
4.907743,1
3.40680385,1
2.4105165,1
2.6383,1
0.498821259,1
1.97805166,1
3.53842449,1
5.1,1
5.1,1
5.1,1
5.1,1
5.1,1
5.1,1
5.1,1
5.002293,1
5.1,1
4.596574,1
3.05647421,0
0.478740036,1
2.06854153,1
3.61299539,1
5.1,1
5.1,1
5.002293,1
5.002293,1
5.1,1
5.1,1
5.1,1
5.1,1
5.1,1
4.158219,1
0.92871666,1
2.4801383,1
4.1157136,1
5.1,1
5.1,1
5.1,1
5.1,1
5.1,1
5.1,1
5.1,1
5.1,1
4.323921,1
2.763245,1
0.4931455,1
2.15928435,1
3.70349646,1
5.1,1
5.1,1
5.1,1
5.1,1
5.1,1
5.002293,1
5.002293,1
5.1,1
5.1,1
4.17198944,1
0.729000568,1
2.22016215,1
3.73376179,1
5.002293,1
5.002293,1
5.002293,1
5.1,1
5.1,1
5.1,1
5.002293,1
5.002293,1
5.1,1
3.69739628,1
0.9494675,1
2.51571941,1
4.087114,1
5.002293,1
5.002293,1
5.002293,1
5.1,1
4.726074,1
3.167967,0
1.640158,0
0.0,1
1.58237326,0
1.297079,0
0.0,1
1.6144129,0
3.15807772,0
3.58502364,1
1.85402954,0
0.2763715,1
0.0,1
1.54393828,0
3.02403045,0
4.713519,1
5.1,1
5.1,1
0.0,1
1.51069808,0
3.19631362,0
4.762143,1
5.1,1
4.61533737,1
3.05703044,0
0.4117368,1
2.0512712,1
3.503766,1
5.002293,1
5.1,1
5.1,1
5.1,1
4.977109,0
3.4351697,1
1.88680661,0
0.351687372,1
1.21843386,1
2.738342,1
4.30376053,1
5.1,1
5.002293,1
5.002293,1
5.1,1
5.1,1
5.1,1
4.46000671,1
2.91238976,0
0.904402852,1
2.58084059,1
4.0919857,1
5.1,1
5.1,1
5.1,1
4.42804241,1
2.76597261,1
1.22485542,1
0.0,1
1.49353135,0
3.125375,0
4.72520876,1
5.1,1
5.1,1
4.188814,1
2.6639576,1
1.15964913,1
0.770579934,1
2.31075,1
3.88778877,1
5.1,1
5.1,1
5.1,1
5.1,1
3.62909913,1
2.00295258,1
0.444416672,1
1.04847229,1
2.62039924,1
4.16658163,1
5.1,1
3.67654562,1
2.11927462,1
2.98415136,0
3.652119,1
2.14457679,1
0.7509942,1
2.4306047,1
2.14158058,1
0.0,1
1.56017315,0
2.66835117,1
1.05872464,1
0.0,1
1.56877184,0
3.067942,0
4.778357,1
4.1987505,1
2.63616443,1
1.06405282,1
0.491914868,1
1.96901083,1
3.52553344,1
5.1,1
5.1,1
5.1,1
4.66281462,1
3.10313225,0
1.01449549,1
2.61664128,1
4.210046,1
5.002293,1
5.002293,1
5.1,1
5.1,1
5.1,1
4.9397583,1
0.8624839,1
2.34917426,1
3.880569,1
5.1,1
5.1,1
5.1,1
5.1,1
5.1,1
5.1,1
7.294403,1
6.505033,1
5.94602871,1
5.5063405,1
5.21622753,1
5.101274,1
5.209644,1
5.570402,1
6.032197,1
5.002293,1
5.1,1
5.1,1
5.1,1
5.1,1
5.1,1
7.155443,1
6.505033,1
5.94602871,1
5.5063405,1
0.0,1
0.0,1
5.1,1
5.1,1
5.1,1
0.0,1
0.0,1
0.223680839,1
2.043583,1
3.250521,1
3.2666924,1
0.0,1
1.577742,0
3.001156,0
4.5925374,1
3.786127,1
2.84285641,0
2.982383,0
0.0,1
1.576085,0
2.98700356,0
3.980345,1
2.25055552,1
0.6900228,1
0.0,1
1.56208265,0
3.05667257,0
4.59166574,1
5.1,1
5.1,1
3.66726065,1
1.27333176,0
2.75129557,1
4.31667662,1
5.1,1
5.1,1
3.589149,1
0.602567554,1
2.16420937,1
3.73868346,1
2.286303,1
0.612564743,1
0.0,1
1.62450826,0
3.19493842,0
4.662663,1
4.57729149,1
3.09864068,0
1.54887724,0
0.0,1
1.78518569,0
3.343486,1
4.83525467,1
3.876395,1
2.269294,1
0.6557578,1
0.0,1
1.58351767,0
3.06198287,0
4.22552443,1
0.0,1
1.6161865,0
3.10315871,0
4.69802,1
5.1,1
5.1,1
4.58396435,1
0.0,1
1.48666167,0
3.1323688,0
4.731796,1
5.1,1
5.1,1
5.002293,1
3.88658857,1
1.10498941,1
2.80615449,0
4.40518475,1
5.1,1
4.199488,1
2.507865,1
0.956292152,1
0.0,1
1.47288573,0
3.01454449,0
4.693344,1
5.1,1
3.88193059,1
2.35984826,1
0.8006025,1
0.0,1
1.6020385,0
3.13496161,0
4.67775965,1
5.1,1
4.887688,1
3.2243917,1
0.6275219,1
2.176318,1
3.73594332,1
5.1,1
5.1,1
4.94693565,1
3.40705276,1
0.0,1
0.1850034,1