1,7.139678,0,-0.545468,0
1,7.240117,0.08399422,-0.5454679,1.5
1,7.341959,0.3209732,-0.5454679,3
1,7.444384,0.7101756,-0.5454679,4.6
1,7.546387,1.198287,-0.5454679,5
1,7.649316,1.688516,-0.5454679,5
1,7.750925,2.178746,-0.5454679,5
1,7.851848,2.668975,-0.5454679,5
1,7.953119,2.615446,-0.5454679,1.4
1,8.055123,2.413485,-0.5454679,2.9
1,8.157962,2.063373,-0.5454679,4.4
1,8.25897,1.58682,-0.5454679,5
1,8.363005,0.9985453,-0.5454679,4.9
1,8.464117,0.5083159,-0.5454679,5
1,8.564747,0.01808663,-0.5454679,5
1,8.667254,-0.4819133,-0.1043279,6.4
1,9.03,-2.281914,0.6715086,5
1,9.1326,-2.781913,0.6613887,5
1,9.235076,-3.225423,0.5531688,3.9
1,9.340308,-3.536838,0.5204487,2
1,9.443357,-3.611359,0.5205234,0.3
1,9.5446,-3.490177,0.5205314,2
1,9.64525,-3.218693,0.5205323,3.3
1,9.745795,-2.798904,0.5205323,5
1,9.847292,-2.300858,0.8812923,6.5
1,9.950852,-1.800858,1.243953,6
1,10.05446,-1.300858,1.508512,5.5
1,10.15513,-0.8008583,1.674973,5.2
1,10.25652,-0.3008582,1.743333,5
1,10.35923,0.1991418,1.713593,5
1,10.45972,0.6991417,1.585753,5.3
1,10.56267,1.299142,1.302853,5.8
1,10.66459,1.799142,0.9591935,6.3
1,10.76571,2.299142,0.5174338,6.9
1,10.86818,2.799141,-0.02242585,7.7
1,10.97054,3.299141,-0.6603855,8.4
1,11.07147,3.721921,-0.5475379,5
1,11.1723,4.212151,-0.5456901,5
1,11.27249,4.71215,-0.10455,6.4
1,11.37307,5.21215,0.23849,5.9
1,11.47608,5.712149,0.4834301,5.4
1,11.57813,6.212149,0.6302703,5.1
1,11.67895,6.712148,0.6790105,5
1,11.78187,7.312148,0.6080066,5.1
1,11.88453,7.712147,0.4821907,5
1,11.98461,7.712147,0.4821907,5
1,12.08821,7.712147,0.4821907,5
1,12.18851,7.712147,0.4821907,5
1,12.2895,7.696002,0.4704187,0.8
1,12.39069,7.614486,0.3723187,1.9
1,12.49167,7.403021,0.1761187,3.7
1,12.5948,7.042846,-0.1181812,5.5
1,12.69538,6.556227,-0.5105811,6.6
1,12.79802,6.119456,-1.001081,6.4
1,12.90094,6.034544,-1.719173,6.6
1,13.00245,6.188024,-1.80629,2.5
1,13.10425,6.526915,-1.804389,4.1
1,13.20673,6.978793,-1.804184,4.3
1,13.30761,7.023678,-1.804163,1.1
1,13.40852,6.845896,-1.80416,2.6
1,13.50912,6.517405,-1.80416,4.1
1,13.60949,6.052565,-1.80416,5
1,13.71085,5.660381,-1.80416,0.2
1,13.81348,5.750193,-1.4434,4.5
1,13.91494,5.99251,-1.08074,4.6
1,14.01507,6.286659,-0.8161796,2.3
1,14.1181,6.187245,-0.6497194,2.2
1,14.22062,5.872421,-0.5794592,3.4
1,14.32086,5.444381,-0.6288191,4.9
1,14.42221,5.094964,-0.738939,0
1,14.52308,5.135264,-0.778179,1.2
1,14.62435,5.313035,-0.915519,3
1,14.72505,5.641916,-1.150959,4.8
1,14.82674,6.111354,-1.484499,6.2
1,14.92932,6.301522,-1.808827,0.8
1,15.03107,6.140584,-1.367687,4.7
1,15.13327,5.829637,-1.024647,4.9
1,15.23669,5.372108,-0.7797064,5.4
1,15.3382,5.099041,-0.6798303,5
1,15.44047,5.104098,-0.6798303,0
1,15.54058,5.104431,-0.6798303,0
1,15.64331,5.104467,-0.6798303,4.1
1,15.74441,5.10447,-0.6837543,0.2
1,15.84453,5.194977,-0.7622343,1.9
1,15.94521,5.434949,-0.9388143,3.7
1,16.04909,5.826167,-1.213494,5.6
1,16.15294,6.322779,-1.586274,6.5
1,16.25554,6.767834,-1.809837,4.6
1,16.3562,7.147457,-1.804769,3.1
1,16.45939,7.377153,-1.804225,1.5
1,0.6724212,0,-0.5454751,0
1,0.7755397,-0.06621166,-0.5454685,1.5
1,0.8770696,-0.2829024,-0.5454679,3.1
1,0.9785132,-0.6513447,-0.4293919,7.4
1,1.078612,-1.144824,0.09212812,6.9
1,1.17995,-1.644824,0.5155482,6.3
1,1.283461,-2.244824,0.8941603,5.7
1,1.384582,-2.744823,1.10176,5.3
1,1.487139,-3.222385,1.211261,4.3
1,1.587755,-3.346865,1.222661,0.9
1,1.689798,-3.178403,1.135961,2.7
1,1.790976,-2.922908,0.9511612,3
1,1.892637,-2.799663,0.6682614,3.3
1,1.994363,-2.822158,0.6796616,5.7
1,2.095023,-2.993252,1.181562,5.3
1,2.195923,-3.314293,1.585362,5.4
1,2.297594,-3.778284,1.891062,5.7
1,2.399761,-4.278284,2.098662,5.3
1,2.500202,-4.878284,2.21829,5
1,2.601817,-5.378283,2.21007,5
1,2.703675,-5.878283,2.10375,5.2
1,2.805171,-6.378282,1.899331,5.6
1,2.905577,-6.844243,1.773552,5
1,3.00706,-7.231313,1.778273,0.2
1,3.108977,-7.140123,1.778779,1.7
1,3.209776,-6.898621,1.778834,3.2
1,3.309964,-6.506869,1.778839,4.7
1,3.411746,-6.018472,1.77884,5
1,3.512376,-5.528243,1.77884,5
1,3.614818,-5.028244,2.31998,7.1
1,3.715731,-4.528244,2.76302,6.4
1,3.816334,-4.028244,3.10796,5.9
1,3.91915,-3.528245,3.3548,5.4
1,4.020047,-2.928246,3.521517,5.1
1,4.120484,-2.428246,3.552537,5
1,4.221272,-1.928246,3.485457,5.1
1,4.322223,-1.428246,3.320277,5.4
1,4.424303,-0.9282461,3.056997,5.8
1,4.525766,-0.4282461,2.695618,6.4
1,4.626464,0.07175392,2.236138,7.1
1,4.730288,0.5717539,1.678559,7.8
1,4.832067,1.071754,1.022879,8.6
1,4.93236,1.571754,0.2690994,9.4
1,5.034801,2.071754,-0.5827801,10.2
1,5.136279,2.473229,-0.5471087,5
1,5.238494,2.963458,-0.5456439,5
1,5.341475,3.551733,-0.5454798,4.9
1,5.442164,4.041962,-0.5454691,4.9
1,5.544777,4.540008,-0.1047086,7.2
1,5.645475,5.040007,0.3579515,6.6
1,5.747286,5.540007,0.7225115,6
1,5.849114,6.040006,0.9889717,5.5
1,5.950246,6.540006,1.157332,5.2
1,6.050856,7.040005,1.227592,5
1,6.150945,7.540005,1.199752,5
1,6.25159,8.040005,1.073812,5.3
1,6.354253,8.540007,0.8497726,5.7
1,6.457496,9.004015,0.6069531,5
1,6.56039,9.592293,0.6115044,4.9
1,6.661662,10.08252,0.6118041,4.9
1,6.764472,10.48371,0.6118363,3.4
1,6.865599,10.73349,0.6118398,1.9
1,6.967636,10.83311,0.6118401,0.4
1,29.03826,10.83523,0.6118401,0
1,29.14539,10.92307,0.6118401,1.5
1,29.24864,11.16521,0.6118401,3
1,29.3596,11.55284,0.6118401,4.8
1,29.46583,12.14271,0.7279161,7.7
1,29.56743,12.38153,1.10318,0
1,29.67983,12.3775,1.10318,5
1,29.78368,12.37705,1.10318,0
1,29.89192,12.37702,1.10318,4.5
1,30.00064,12.32943,1.06394,1.2
1,30.10964,12.13266,0.9266005,3.1
1,30.2171,11.78934,0.6911605,5
1,30.31843,11.34551,0.6089317,5
1,30.4243,10.97167,0.6116403,0.2
1,30.52888,11.08651,0.6118187,1.9
1,30.64025,11.43034,1.152966,6.1
1,30.74476,11.88207,1.596007,6.4
1,30.8554,12.38208,1.940947,5.9
1,30.96083,12.98208,2.225383,5.3
1,31.061,13.45472,2.354503,4.4
1,31.16353,13.3931,2.385524,1.3
1,31.26896,13.17556,2.318444,3
1,31.37363,12.81617,2.153264,4.4
1,31.47904,12.50439,1.889984,3.8
1,31.58108,12.368,1.772997,0.6
1,32.15005,12.35802,0.6107377,0
1,32.25445,12.27766,0.6117218,1.5
1,32.35994,12.04798,0.6118274,3.2
1,32.46845,11.58719,0.6118394,4
1,32.57524,11.38505,0.6118401,0.4
1,32.68264,11.53792,0.6118401,2
1,32.79326,11.83918,1.15298,6.2
1,32.89477,12.28876,1.59602,6.3
1,33.00021,12.37752,1.702903,0
1,33.10893,12.37707,1.702903,0
1,33.3859,12.37702,1.499797,1.9
1,33.48634,12.28624,1.251095,3.3
1,33.59248,12.04658,0.904292,5
1,33.69486,11.70618,0.5972591,4.6
1,33.79896,11.24699,0.6108382,0.1
1,33.90317,11.34671,0.7278085,6
1,34.00399,11.60417,1.249329,5.8
1,34.11122,12.01149,1.672749,6.1
1,34.21135,12.50938,1.998069,5.8
1,34.31773,12.93221,2.225289,3.9
1,34.4229,13.20165,2.368461,0.7
1,34.52885,13.11295,2.379862,1.6
1,34.63031,12.98897,2.293162,1.4
1,34.89941,12.97935,1.771302,0
1,35.00209,13.09202,2.408898,5.1
1,35.10384,13.34773,2.832318,5
1,35.20438,13.755,3.157638,5.5
1,35.31089,14.25407,3.384858,5.3
1,35.41505,14.75407,3.513978,5.1
1,35.51783,15.25407,3.544999,5
1,35.62465,15.85407,3.452731,5.2
1,35.73227,16.35407,3.267931,5.5
1,35.83453,16.85407,2.985031,5.9
1,35.93939,17.31222,2.935455,5
1,36.04432,17.90049,2.936745,4.9
1,36.14698,18.39072,2.93683,4.9
1,36.24786,18.78232,2.936839,0
1,36.34819,18.69246,3.052916,6
1,36.44977,18.44542,3.574436,5.8
1,36.55706,18.04784,3.997856,6.1
1,36.66485,17.44984,4.376468,5.7
1,36.7674,16.94984,4.584068,5.3
1,36.86882,16.44983,4.693568,5
1,36.96954,15.94983,4.704968,5
1,37.07254,15.44983,4.618268,5.2
1,37.17809,14.94983,4.433469,5.5
1,37.28389,14.34983,4.082217,6.1
1,37.39074,13.84982,3.681597,6.7
1,37.49767,13.34982,3.182878,7.3
1,37.59896,12.84982,2.586058,8.1
1,37.7051,12.24982,1.740383,9
1,37.81091,11.74982,0.9277433,9.9
1,37.91852,11.34443,0.6079081,5
1,38.02076,10.75616,0.61157,4.9
1,38.12168,10.26592,0.6118112,4.9
1,38.22232,9.775692,0.611837,4.9
1,38.32851,9.28546,0.6118398,5
1,38.4325,8.845101,0.6118401,3.8
1,38.53471,8.547252,0.6118401,2.3
1,38.63571,8.400361,0.6118401,0.8
1,41.65665,8.384288,0.6118401,0
1,41.76296,8.478402,0.6118401,1.5
1,41.86552,8.721102,0.6118401,3.1
1,41.97359,9.07509,0.6118401,3.2
1,42.07722,9.307723,0.6118401,1.6
1,42.92237,9.387469,0.6118401,0
1,43.02564,9.472436,0.6118401,1.5
1,43.12937,9.706015,0.6118401,3.1
1,43.23683,10.08958,0.6118401,4.7
1,43.34099,10.67512,0.6118401,4.9
1,43.44158,11.16535,0.6118401,4.9
1,43.54505,11.65558,0.6118401,4.9
1,43.64759,12.15168,0.9482961,7.4
1,43.75454,12.38214,1.292169,5
1,43.85524,12.37756,1.292169,5
1,43.95826,12.37707,1.292169,5
1,44.0649,12.37702,1.292169,0
1,44.16891,12.32749,1.252928,1.4
1,44.27256,12.13251,1.115589,3.2
1,44.37264,11.78676,0.8801487,5
1,44.47843,11.30758,0.5466087,6.2
1,44.58002,10.77565,0.6110881,4.3
1,44.68081,10.74215,1.052119,5.3
1,44.79237,10.9328,1.514779,4.9
1,44.89248,11.2725,1.879339,5.3
1,44.99615,11.74842,2.145799,5.5
1,45.1005,12.34401,2.33606,4.9
1,45.20554,12.73012,2.3867,3.2
1,45.30561,12.96662,2.33924,1.9
1,45.40585,13.05035,2.19368,1.9
1,45.51427,13.00011,1.950021,3.1
1,45.8198,12.95358,2.11049,5.4
1,45.92088,13.05357,2.677454,4.5
1,46.02539,13.30059,3.042014,4.5
1,46.1297,13.69799,3.308474,5.2
1,46.23755,14.19658,3.476835,5.2
1,46.33917,14.69659,3.547095,5
1,46.44691,15.29659,3.501915,5.1
1,46.55465,15.79659,3.356355,5.3
1,46.65611,16.29659,3.112695,5.7
1,46.76179,16.85669,2.934969,4.9
1,46.86753,17.34692,2.936639,5
1,46.96828,17.83714,2.936819,5
1,47.07095,18.32737,2.936838,5
1,47.17488,18.61456,2.93684,0.6
1,47.28009,18.45474,2.93684,2
1,47.38377,18.15452,2.93684,3.6
1,47.49525,17.70892,2.93684,5
1,47.60001,17.12065,2.93684,4.9
1,47.70027,16.63042,2.93684,4.9
1,47.80219,16.14019,2.93684,4.9
1,47.90748,15.64996,2.93684,5
1,48.01134,15.15973,2.93684,5
1,48.11204,14.6695,2.93684,5
1,48.2128,14.17927,2.93684,5
1,48.31387,13.68904,2.93684,5
1,48.42036,13.09294,2.8976,5.1
1,48.52083,12.59294,2.76026,5.3
1,48.62467,12.09294,2.52482,5.7
1,48.7311,11.59294,2.19128,6.2
1,48.83651,11.09294,1.75964,6.9
1,48.93974,10.59293,1.229901,7.6
1,49.04037,10.06133,0.6055813,1.6
1,49.14589,9.571095,0.6111681,4.9
1,49.24878,9.080863,0.6117681,5
1,49.35538,8.590631,0.6118324,5
1,49.4598,8.09063,1.152972,7.1
1,49.56027,7.49063,1.672849,6.3
1,49.66158,6.990631,1.998169,5.8
1,49.76823,6.490631,2.225389,5.3
1,49.87405,5.990632,2.354509,5.1
1,49.97467,5.490632,2.38553,5
1,50.07985,4.990633,2.318449,5.1
1,50.19022,4.390633,2.108462,5.5
1,50.29526,3.890634,1.825562,5.9
1,50.39859,3.390634,1.444562,6.5
1,50.49929,2.890635,0.9654627,7.2
1,50.60144,2.290635,0.2610512,8.1
1,50.7091,1.790635,-0.4338683,8.9
1,50.8098,1.373528,-0.5471898,5
1,50.91008,0.8832984,-0.5456526,5
1,51.01083,0.393069,-0.5454876,5
1,51.11213,-0.09716027,-0.5454699,5
1,51.21889,-0.5932519,-0.2090126,7.4
1,51.32655,-1.193252,0.3579515,6.6
1,51.42808,-1.693252,0.7225115,6
1,51.53363,-2.193252,0.9889717,5.5
1,51.63993,-2.676678,1.157332,4.4
1,51.7424,-3.027512,1.229872,0.1
1,51.84701,-2.938875,1.182412,1.7
1,51.94764,-2.784899,1.036852,2.1
1,52.052,-2.778294,0.7931926,2.9
1,52.15978,-2.925241,0.4514329,4.4
1,52.26272,-3.250239,0.5197357,3.8
1,52.3681,-3.707234,0.5204468,4.8
1,52.47367,-4.102695,0.636594,6.7
1,52.58021,-4.217458,0.9607818,0
1,52.68083,-4.215601,0.9607818,0
1,52.83121,-4.215387,0.9144226,0.9
1,52.93356,-4.13638,0.7699634,2.4
1,53.04115,-3.841669,0.4671204,4.4
1,53.14864,-3.51506,0.519029,3.3
1,53.25108,-3.416766,0.5203709,0.7
1,53.35268,-3.483696,0.5205151,0.2
1,56.01055,-3.483696,0.5205323,0
1,56.11685,-3.561408,0.7487602,5.8
1,56.2193,-3.794367,1.25066,5.6
1,56.31995,-4.178705,1.65446,5.9
1,56.42009,-4.77441,2.009529,5.6
1,56.52687,-5.27441,2.197509,5.2
1,56.63762,-5.774409,2.287389,5
1,56.73869,-6.274409,2.279169,5
1,56.83974,-6.774408,2.172849,5.2
1,56.94296,-7.29017,1.915774,4.4
1,57.04482,-7.519231,1.774054,2
1,57.15174,-7.6236,1.778326,0.4
1,58.07302,-7.628047,1.77884,0
1,58.1818,-7.526501,1.77884,1.5
1,58.94324,-7.467005,1.77884,0
1,59.04655,-7.379902,1.77884,1.5
1,59.14873,-7.145338,1.77884,3.1
1,59.25349,-6.75841,1.77884,4.7
1,59.35525,-6.271881,1.77884,5
1,59.45586,-5.781651,1.77884,5
1,59.5604,-5.193377,1.77884,4.9
1,59.663,-4.693377,2.31998,7.1
1,59.76506,-4.193377,2.76302,6.4
1,59.8695,-3.693378,3.10796,5.9
1,59.97449,-3.193378,3.3548,5.4
1,60.0822,-2.620738,3.521517,4.4
1,60.18714,-2.283726,3.552537,2.7
1,60.29302,-2.099113,3.485457,1.5
1,61.48854,-2.059026,0.520532,0
1,61.59361,-1.982914,0.5205323,1.4
1,61.69566,-1.755253,0.5087602,3.2
1,61.79895,-1.367639,0.4106602,4.9
1,61.90104,-0.771476,0.1634482,5.6
1,62.00362,-0.271476,-0.1504717,6.1
1,62.10685,0.1665412,-0.5624916,5.9
1,62.21029,0.3987519,-0.5462165,2.2
1,62.31583,0.526679,-0.5455481,0.6
1,62.49846,0.5371276,-0.5454692,0
1,62.60464,0.6390497,-0.5454679,1.6
1,62.71089,0.8907791,-0.5454679,3.3
1,62.81508,1.29421,-0.5454679,4.9
1,62.92194,1.882435,-0.5454679,4.9
1,63.02468,2.372665,-0.5454679,4.9
1,63.13252,2.862894,-0.5454679,5
1,63.23732,3.353123,-0.5454679,5
1,63.34256,3.941398,-0.5454679,4.9
1,63.4482,4.431627,-0.5454679,5
1,63.55814,4.921856,-0.5454679,5
1,63.66504,5.51082,-0.5847079,4.7
1,63.76661,5.886219,-0.7220479,3.6
1,63.86938,6.114138,-0.9574879,3.2
1,64.24345,6.190651,-1.688383,5.8
1,64.34448,6.098619,-1.166863,5.1
1,64.44543,5.856613,-0.743443,4.9
1,64.55253,5.461724,-0.4181228,5.5
1,64.65868,4.985941,-0.1909027,4.5
1,64.76316,4.591866,-0.04773042,2.7
1,64.86463,4.449476,-0.03633022,0.4
1,64.96532,4.560665,-0.12303,2.1
1,65.06731,4.824165,-0.3078298,4
1,65.17343,5.235367,-0.5907296,5.8
1,65.27718,5.728103,-0.9717293,6.1
1,65.38243,6.15577,-1.558421,6.1
1,65.49042,6.314131,-1.811072,1.2
1,66.31037,6.35101,-1.688084,5.8
1,66.4113,6.267412,-1.166564,5.1
1,66.51159,6.034242,-0.7431437,4.9
1,66.618,5.652202,-0.4178236,5.5
1,66.72175,5.056946,-0.1569314,5.3
1,66.82645,4.556946,-0.0474312,5
1,66.92809,4.056947,-0.036031,5
1,67.02851,3.556947,-0.1227308,5.2
1,67.1356,3.056948,-0.3075306,5.5
1,67.24251,2.490987,-0.5572544,3.3
1,67.34678,2.000758,-0.5462777,4.9
1,67.44697,1.510529,-0.5455547,4.9
1,67.553,1.0203,-0.545477,5
1,67.65562,0.5242081,-0.2090155,7.4
1,67.76217,-0.0757919,0.3579485,6.6
1,67.87111,-0.5757918,0.7225087,6
1,67.97308,-1.075792,0.9889688,5.5
1,68.07442,-1.575792,1.157329,5.2
1,68.18118,-2.173222,1.229869,4.9
1,68.28279,-2.564924,1.18241,3.4
1,68.38789,-2.806121,1.036849,2.6
1,68.59951,-2.903512,0.45143,3.8
1,68.70349,-3.01091,1.089026,5.1
1,68.8106,-3.261395,1.512446,5
1,68.91624,-3.662196,1.837766,5.6
1,69.02062,-4.26119,2.098658,5.3
1,69.12143,-4.76119,2.208158,5
1,69.22807,-5.254789,2.219559,4.6
1,69.33317,-5.629534,2.132859,3.3
1,69.43807,-5.855273,1.948059,2.7
1,69.5435,-5.918288,1.773552,0.3
1,69.64841,-5.797776,1.778272,2
1,69.75437,-5.523468,1.778779,3.6
1,69.8564,-5.099917,1.778834,5
1,69.9589,-4.609688,1.778839,5
1,70.06516,-4.033239,1.774916,4.5
1,70.16682,-3.670824,1.696436,3.2
1,70.26899,-3.455709,1.519856,2.6
1,70.87965,-3.383988,0.5205268,0
1,70.98122,-3.294477,0.520532,1.5
1,71.0872,-3.051601,0.5205323,3.1
1,71.19045,-2.660601,0.5205323,4.5
1,71.29689,-2.173996,0.5205323,5
1,71.40022,-1.581813,0.5087602,5
1,71.50813,-1.081813,0.4106602,5.2
1,71.61359,-0.5818129,0.2144602,5.5
1,71.71753,-0.08181289,-0.07983972,6
1,71.81767,0.4181871,-0.4722396,6.6
1,71.92012,0.9634714,-0.5462165,4.9
1,72.02202,1.453701,-0.5455481,4.9
1,72.12596,1.94393,-0.5454764,5
1,72.23347,2.434159,-0.5454686,5
1,72.33691,2.924388,-0.5454679,5
1,72.44413,3.512663,-0.5454679,4.9
1,72.54743,4.004846,-0.4293919,7.7
1,72.651,4.504846,0.09212812,6.9
1,72.75401,5.004845,0.5155482,6.3
1,72.85998,5.504845,0.8408683,5.8
1,72.96872,6.104844,1.10176,5.3
1,73.07243,6.604844,1.211261,5
1,73.17835,7.104843,1.222661,5
1,73.28492,7.704843,1.106849,5.2
1,73.39199,8.204844,0.9024292,5.6
1,73.49701,8.704845,0.5999095,6.1
1,73.59812,9.161037,0.6110203,5
1,73.70306,9.753223,0.8399306,7.5
1,73.80353,10.25323,1.341831,6.8
1,73.90552,10.75323,1.745631,6.2
1,74.01266,11.25323,2.051331,5.7
1,74.11975,11.75323,2.258931,5.3
1,74.22222,12.35323,2.37856,5
1,74.3277,12.84108,2.37034,4.6
1,74.42998,13.20912,2.26402,3.3
1,74.5311,13.21154,2.0596,2.6
1,74.95883,13.17982,2.21489,5.2
1,75.05933,13.25001,2.677549,4.5
1,75.16345,13.53046,3.10325,4.4
1,75.26349,13.93131,3.35009,5
1,75.36708,14.42861,3.49883,5.1
1,75.4726,14.92861,3.54947,5
1,75.57782,15.42861,3.50201,5.1
1,75.67933,15.92861,3.356451,5.3
1,75.78113,16.52862,3.052287,5.8
1,75.8835,16.93239,2.934979,3.8
1,75.99675,16.88097,2.936641,1.3
1,76.09898,16.67237,3.377473,6
1,76.20044,16.22225,3.920893,6
1,76.30471,15.72598,4.265833,5.9
1,76.41264,15.22598,4.512673,5.4
1,76.51906,14.72598,4.661414,5.1
1,76.62337,14.12598,4.71041,5
1,76.73016,13.62598,4.64333,5.1
1,76.83679,13.12597,4.47815,5.4
1,76.9445,12.59835,4.150442,4.9
1,3.809798,0.8080554,-0.5454679,5
1,3.910934,1.298285,-0.5454679,5
1,4.012679,1.788514,-0.5454679,5
1,4.114325,2.278743,-0.5454679,5
1,5.346401,2.796062,-0.5454679,3.1
1,5.44662,2.415226,-0.5454679,4.6
1,5.549125,1.928873,-0.5454679,5
1,5.65015,1.438644,-0.5454679,5
1,5.852705,0.4386435,0.4387122,6.4
1,5.955652,-0.06135648,0.7836522,5.9
1,6.058558,-0.5613564,1.030492,5.4
1,6.160454,-1.161357,1.197209,5.1
1,6.262285,-1.661357,1.228229,5
1,6.36617,-2.161357,1.161149,5.1
1,6.46957,-2.641125,0.9959692,4.7
1,6.774236,-2.63441,0.5197357,3.2
1,7.079198,-1.253826,1.581415,6.3
1,7.181754,-0.6538258,1.960027,5.7
1,7.283581,-0.1538258,2.167627,5.3
1,7.387379,0.3461742,2.277128,5
1,7.488048,0.8461742,2.288528,5
1,7.591178,1.346174,2.201828,5.2
1,7.692474,1.776341,2.017028,4.2
1,7.89537,2.185876,1.353129,4.2
1,8.125955,2.194855,0.0384817,6.6
1,8.330812,2.47338,-0.5478202,3.1
1,8.431438,2.84878,-0.5457203,4.6
1,8.531863,3.33468,-0.5454949,5
1,8.632728,3.824909,-0.5454707,5
1,8.936474,5.317091,0.5155479,6.3
1,9.039442,5.817091,0.8408681,5.8
1,9.142162,6.41709,1.10176,5.3
1,9.24288,6.917089,1.211261,5
1,9.346093,7.417089,1.222661,5
1,9.446854,7.917089,1.135961,5.2
1,9.549793,8.41709,0.951161,5.5
1,9.650213,8.917092,0.6682612,5.9
1,9.753627,9.375238,0.6105591,5
1,9.856389,9.86547,0.6117026,5
1,9.956907,10.3557,0.6118254,5
1,10.05961,10.84593,0.6118386,5
1,10.36745,12.44008,1.814756,6.1
1,10.46753,12.94008,2.100836,5.6
1,10.56808,13.44008,2.288816,5.2
1,10.66838,13.55314,2.33654,4.5
1,11.21336,13.11555,1.889554,5.8
1,11.31471,13.18756,2.411074,5.1
1,11.41674,13.41022,2.834494,4.9
1,11.51856,13.78268,3.159814,5.4
1,11.62097,14.37413,3.420707,5.3
1,11.72487,14.87413,3.530207,5
1,11.82582,15.37413,3.541607,5
1,11.92612,15.87413,3.454907,5.2
1,12.02669,16.37413,3.270107,5.5
1,12.12813,16.87413,2.987207,5.9
1,12.23114,17.31961,2.935605,4.4
1,12.63667,16.55168,2.93684,5
1,12.73786,16.06145,2.93684,5
1,12.84064,15.47318,2.93684,4.9
1,12.94103,14.98295,2.93684,4.9
1,13.0418,14.49271,2.93684,4.9
1,13.14481,14.00248,2.93684,5
1,13.24631,13.51225,2.93684,5
1,13.3474,13.01225,2.87798,5.1
1,13.4493,12.51225,2.72102,5.4
1,13.54988,12.05181,2.46596,4.9
1,13.65017,11.73537,2.1128,4.6
1,13.75315,11.57067,1.661541,5
1,14.15552,11.48032,0.6117681,1.5
1,14.25782,11.26834,0.6118324,3.1
1,14.35998,10.90696,0.6118394,4.6
1,14.46285,10.327,0.6118401,4.9
1,14.56596,9.836764,0.6118401,5
1,14.87378,8.342621,1.745768,6.2
1,14.97628,7.84262,2.051468,5.7
1,15.07654,7.34262,2.259069,5.3
1,15.4189,5.642622,2.231121,5.3
1,15.52064,5.10429,1.950502,4.7
1,15.62107,4.816106,1.608742,4.4
1,15.72271,4.678188,1.168882,4.9
1,16.73543,4.373407,-0.5454679,3.1
1,16.83732,4.003695,-0.5454679,4.7
1,16.9404,3.421512,-0.5454679,4.9
1,17.0425,2.931283,-0.5454679,4.9
1,32.13903,1.527264,-0.5454679,1.5
1,32.34149,2.178775,-0.5454679,4.5
1,32.44321,2.665702,-0.5454679,4.9
1,32.5462,3.155931,-0.5454679,5
1,32.64659,3.64616,-0.5454679,5
1,32.95153,5.144205,0.7225122,6
1,33.05431,5.644204,0.9889724,5.5
1,33.15615,6.144204,1.157333,5.2
1,33.25889,6.644203,1.227593,5
1,33.35908,7.144203,1.199753,5
1,33.45914,7.644202,1.073813,5.3
1,33.55948,8.144202,0.8497733,5.7
1,33.65966,8.608211,0.6069534,5
1,33.76127,9.196488,0.6115044,4.9
1,33.86168,9.68672,0.6118041,4.9
1,34.06344,10.33477,0.6118398,1.9
1,34.16682,10.43287,0.6118401,0.4
1,36.67482,10.4968,0.6118401,1.5
1,36.77639,10.70926,0.6118401,3.1
1,36.87859,11.07242,0.6118401,4.6
1,36.98069,11.65167,0.6118401,4.9
1,37.28949,11.01127,0.6118401,4.4
1,37.39004,10.53044,0.6118401,5
1,37.49276,10.04021,0.6118401,5
1,37.59383,9.549981,0.6118401,5
1,37.89785,8.055838,1.745768,6.2
1,38.0009,7.455838,2.100837,5.6
1,38.10292,6.955839,2.288817,5.2
1,38.20478,6.455839,2.378697,5
1,38.30587,5.95584,2.370477,5
1,38.40753,5.45584,2.264157,5.2
1,38.5092,4.955841,2.059737,5.6
1,38.61059,4.455841,1.757218,6.1
1,39.11849,2.038736,-0.5471895,5
1,39.22059,1.450461,-0.545586,4.9
1,39.32305,0.9602315,-0.5454804,4.9
1,39.6244,-0.5339061,0.5884571,6.2
1,39.72627,-1.033906,0.8941572,5.7
1,39.82753,-1.533906,1.101757,5.3
1,39.93067,-2.033906,1.211258,5
1,40.43217,-3.006615,0.5157837,6
1,40.53768,-3.080214,1.056924,5.3
1,40.63904,-3.30521,1.499964,5.1
1,40.74002,-3.772915,1.90212,5.4
1,40.8402,-4.271513,2.12934,5.3
1,40.94144,-4.771512,2.258461,5.1
1,41.04191,-5.271512,2.289481,5
1,41.14342,-5.771511,2.222401,5.1
1,41.24422,-6.271511,2.057221,5.4
1,41.34581,-6.77151,1.793941,5.8
1,41.44855,-7.231608,1.776671,5
1,41.54897,-7.721838,1.778607,5
1,41.65295,-8.212068,1.778815,5
1,41.75374,-8.702299,1.778837,5
1,42.47155,-7.626267,1.77884,4.9
1,42.57462,-7.136038,1.77884,5
1,42.67535,-6.645809,1.77884,4.8
1,42.77859,-6.245825,1.77884,3.2
1,42.97987,-5.520794,1.77884,5
1,43.08303,-4.932519,1.77884,4.9
1,43.28836,-4.119056,1.774916,4.4
1,43.39075,-3.631457,1.696436,5.1
1,43.49215,-3.141019,1.519856,5
1,43.59485,-2.769501,1.245176,4.6
1,43.69791,-2.367259,0.8723963,6.4
1,43.79854,-1.919921,0.5160781,4.7
1,43.90007,-1.444153,0.4588216,3.4
1,44.10355,-0.739789,0.0468016,5.6
1,44.20507,-0.2545188,-0.3063583,5.9
1,44.40863,0.4286999,-0.5458258,4.5
1,44.71035,1.592335,-0.5454682,5
1,44.81111,2.082565,-0.5454679,5
1,44.91255,2.572794,-0.5454679,4.8
1,45.62843,3.254001,-0.5454679,4.8
1,45.72857,2.764061,-0.5454679,5
1,46.3364,2.942465,-0.5454679,4.4
1,46.74242,2.581913,-0.5454679,4.5
1,48.62867,2.139462,-0.5454679,1.5
1,49.28432,1.86238,-0.5454679,1.5
1,49.39039,2.088461,-0.5454679,3.1
1,49.4913,2.455207,-0.5454679,4.6
1,49.5951,2.940681,-0.5454679,4.9
1,50.87648,2.957414,-0.5454679,1.5
1,51.07922,2.384758,-0.5454679,4.6
1,53.00648,1.653374,-0.5454679,1.5
1,53.10737,1.427464,-0.5454679,3.1
1,53.62041,1.783277,-0.5454679,4.6
1,53.72248,2.273507,-0.5454679,4.9
1,53.82553,2.763736,-0.5454679,5
1,0.445278,0,-0.5464568,0
1,0.5484276,0.08816879,-0.5455739,1.7
1,0.6517048,0.3255635,-0.5454791,3.2
1,0.7549632,0.7129618,-0.545469,4.8
1,0.8567909,1.199883,-0.5454679,5
1,0.9600012,1.788158,-0.5454679,4.9
1,1.060965,2.278387,-0.5454679,4.9
1,1.163685,2.768616,-0.5454679,4.9
1,1.265466,3.248822,-0.5454679,4.5
1,1.365663,3.393404,-0.5454679,0.7
1,1.466529,3.24832,-0.5454679,2.2
1,1.567486,2.952781,-0.5454679,3.7
1,1.668885,2.51041,-0.5454679,5
1,1.772454,2.09553,-0.5454679,3.5
1,1.873763,1.829375,-0.5454679,2.4
1,1.976774,1.525417,-0.5454679,4
1,2.076907,1.084183,-0.5454679,4.4
1,2.177672,0.7178491,-0.5454679,2.9
1,2.27887,0.4996873,-0.5454679,2
1,2.380236,0.1757779,-0.5454679,3.4
1,2.480439,-0.2005547,-0.5454679,3.4
1,2.580983,-0.2976328,-0.5454679,0.6
1,2.68403,-0.1451085,-0.5454679,2.3
1,2.786719,0.1204194,-0.5454679,2.4
1,2.890623,0.2731464,-0.5454679,1.3
1,2.994285,0.4687127,-0.5454679,2.8
1,3.094529,0.8143492,-0.5454679,4.3
1,3.196063,1.274992,-0.5454679,4.3
1,3.297501,1.630121,-0.5454679,3.5
1,3.398601,2.034081,-0.5454679,5
1,3.499047,2.523276,-0.5454679,4.7
1,3.599554,2.916023,-0.5454679,3.2
1,3.701273,3.365656,-0.5454679,4.5
1,3.803777,3.837517,-0.5454679,4.4
1,3.90777,4.180767,-0.5454679,3.1
1,4.010585,4.559965,-0.5454679,4.6
1,4.113531,5.025159,-0.5454679,4.2
1,4.216293,5.380659,-0.5690119,3.8
1,4.318351,5.821633,-0.6867319,5.1
1,4.421705,6.305116,-0.9574879,4.3
1,4.523679,6.544169,-1.291028,4.1
1,4.626129,6.631931,-1.722668,4.7
1,4.727962,6.665057,-1.805301,1
1,4.828835,6.754521,-1.804282,0.4
1,4.929229,6.756726,-1.804173,0.1
1,5.03102,6.832372,-1.804161,1.5
1,5.131205,6.851098,-1.80416,0.9
1,5.232599,6.713275,-1.80416,1.3
1,5.344876,6.663,-1.80416,0
1,5.445351,6.580268,-1.80416,1.6
1,5.547527,6.500094,-1.80416,0.6
1,5.651494,6.364002,-1.80416,2.2
1,5.752008,6.230816,-1.80416,0.7
1,5.854858,6.233079,-1.80416,0.8
1,5.956226,6.368508,-1.80416,1.6
1,6.077177,6.452483,-1.80416,0
1,6.17838,6.510568,-1.80416,1.5
1,6.280937,6.641252,-1.80416,0.4
1,6.381103,6.646316,-1.80416,0.2
1,6.481468,6.751314,-1.80416,1.7
1,6.583237,6.965311,-1.80416,1.9
1,6.683561,7.059901,-1.80416,0.4
1,8.12343,7.061082,-1.580342,5.6
1,8.226461,6.973598,-1.078442,4.9
1,8.327469,6.736114,-0.6746421,4.8
1,8.430202,6.348719,-0.368942,5.3
1,8.530623,5.85314,-0.1613418,5.3
1,8.633444,5.353141,-0.05184159,5
1,8.735248,4.853141,-0.04044139,5
1,8.835603,4.388884,-0.1271412,4.1
1,8.938809,4.065077,-0.311941,3.3
1,9.039027,3.840304,-0.5948408,4.3
1,9.142547,3.445322,-0.5463572,4.3
1,9.244272,2.993163,-0.5455633,4.1
1,9.347107,2.675277,-0.545478,2.6
1,9.44948,2.494341,-0.5454688,2
1,9.552092,2.232001,-0.5454679,3.3
1,9.653589,1.987529,-0.5454679,1.8
1,9.755836,1.885938,-0.5454679,1
1,9.856671,1.732512,-0.5454679,2.5
1,9.958838,1.439896,-0.5454679,2.9
1,10.05949,1.223669,-0.5454679,1.4
1,10.16224,1.003934,-0.5454679,2.6
1,10.26519,0.7107897,-0.5454679,2.9
1,10.3653,0.3414345,-0.5454679,4.5
1,10.46601,-0.1278966,-0.5454679,4.4
1,10.56641,-0.4772195,-0.5454679,2.9
1,10.66726,-0.6742362,-0.5454679,1.4
1,10.76831,-0.7219912,-0.5454679,0.3
1,10.86889,-0.6163155,-0.5454679,1.9
1,10.96894,-0.3614435,-0.5454679,3.4
1,11.07017,0.04337459,-0.5454679,4.9
1,11.17175,0.5314454,-0.5454679,4.7
1,11.27365,0.921376,-0.5454679,3.2
1,11.37651,1.254422,-0.5454679,4.2
1,11.47832,1.717041,-0.5454679,5
1,11.58053,2.295663,-0.5454679,4.5
1,11.68254,2.656054,-0.5454679,3
1,11.78321,3.043904,-0.5454679,4.6
1,11.88637,3.514892,-0.5454679,4.3
1,11.98779,3.855223,-0.5454679,2.8
1,12.0885,3.859701,-0.5454679,1.2
1,12.19079,3.668825,-0.5454679,2.7
1,12.2916,3.327503,-0.5454679,4.3
1,12.39267,2.854151,-0.5454679,5
1,12.49523,2.363921,-0.5454679,5
1,12.59581,1.88829,-0.5454679,4.3
1,12.69852,1.5391,-0.5454679,2.7
1,12.80126,1.254771,-0.5454679,2.8
1,12.90499,0.894733,-0.5454679,4
1,13.0062,0.5915431,-0.5454679,2.5
1,13.1073,0.270319,-0.5454679,4
1,13.21168,-0.1903487,-0.5454679,4.9
1,13.31284,-0.6844863,-0.3172399,7.5
1,13.41389,-1.184486,0.1846601,6.8
1,13.51598,-1.663687,0.5884602,5.5
1,13.61647,-2.010132,0.8941603,3.7
1,13.7184,-2.205266,1.10176,2
1,13.82045,-2.29567,1.221389,1.1
1,13.92264,-2.489371,1.213169,2.6
1,14.02464,-2.65632,1.106849,1.8
1,14.17177,-2.684646,0.7931933,2.8
1,14.27329,-2.609725,0.4514336,4.1
1,14.374,-2.425539,0.5192876,3
1,14.47633,-2.060209,0.5203987,4.6
1,14.57655,-1.572092,0.4969336,5
1,14.67914,-1.072092,0.3792136,5.2
1,14.77949,-0.6405177,0.1633936,4.3
1,14.88137,-0.3213205,-0.2250823,4.2
1,14.98209,-0.3202695,-0.5499448,0
1,15.08282,-0.513186,-0.5459485,2.5
1,15.18344,-0.6778328,-0.5455194,1.1
1,15.28472,-0.7274359,-0.5454733,0.9
1,15.38672,-0.8894169,-0.5454683,2.4
1,15.48771,-1.137038,-0.5454679,2
1,15.59042,-1.123431,-0.5454679,1.3
1,15.69167,-0.9276859,-0.5454679,2.8
1,15.79379,-0.58076,-0.5454679,4.4
1,15.89596,-0.1189697,-0.5454679,4.3
1,15.99904,0.2369194,-0.5454679,2.8
1,16.10007,0.5951705,-0.5454679,3.6
1,16.20032,1.047122,-0.5454679,4.9
1,16.30367,1.534009,-0.5454679,4.8
1,16.40538,1.919833,-0.5454679,3.6
1,16.50888,2.350668,-0.5454679,5
1,16.61039,2.816412,-0.5454679,4.2
1,16.71218,3.217074,-0.5454679,4.7
1,16.81302,3.700511,-0.5454679,4.6
1,16.9149,4.101964,-0.5454679,4.4
1,17.01617,4.583009,-0.2090119,7.4
1,17.11902,5.083008,0.2732682,6.7
1,17.22016,5.683008,0.7225122,6
1,17.32204,6.183007,0.9889724,5.5
1,17.42207,6.683007,1.157333,5.2
1,17.52313,7.183006,1.227593,5
1,17.62487,7.639905,1.199753,4
1,17.72576,7.951641,1.073813,3
1,17.82852,8.131307,0.8497733,3.2
1,17.93472,8.362084,0.6069534,3.4
1,18.03852,8.736807,0.6113155,3.4
1,18.13999,9.003997,0.6117838,2.2
1,18.24031,9.347158,0.6118363,3.5
1,18.34318,9.67586,0.6118398,2.7
1,18.44427,9.96885,0.6118401,3.7
1,18.54583,10.32393,0.6118401,3.1
1,18.6464,10.64876,0.6118401,4
1,18.74744,11.06652,0.6118401,3.8
1,18.85,11.36581,0.6118401,3
1,18.95064,11.73838,1.0526,6.9
1,19.05127,12.23021,1.51526,6.6
1,19.15212,12.38067,1.695969,5
1,19.25255,12.37741,1.695969,4.4
1,19.35342,12.37706,1.695969,2.8
1,19.45531,12.37702,1.695969,1.3
1,19.63564,12.37702,1.634504,1
1,19.73808,12.30781,1.475676,2.5
1,19.83882,12.08817,1.218749,4.3
1,19.93901,11.75008,0.8637215,4.9
1,20.04155,11.53809,0.6096846,1.3
1,20.14182,11.48816,0.6116087,0.3
1,20.24251,11.3691,0.6118153,1.8
1,20.34564,11.2069,0.6118375,1.1
1,20.44818,11.19893,1.152977,5.1
1,20.55127,11.35296,1.596018,4.6
1,20.65398,11.65642,1.940958,4.9
1,20.75521,12.10764,2.187798,5.4
1,20.85828,12.60764,2.336538,5.1
1,20.95856,13.08104,2.387178,4
1,21.05912,13.35866,2.339719,1
1,21.16091,13.2276,2.153275,2.4
1,21.43463,13.18707,1.773685,0
1,21.53794,13.25467,2.110423,5.6
1,21.63931,13.47555,2.592703,5.4
1,21.7415,13.55164,2.797768,0
1,21.84311,13.54941,2.797768,4.6
1,21.94395,13.54917,2.797768,3.1
1,22.04698,13.54914,2.797768,1.6
1,22.14895,13.52406,2.774225,1
1,22.25145,13.36388,2.656504,2.8
1,22.35312,13.17879,2.440685,2.8
1,22.82703,13.13774,1.890192,5.8
1,22.92798,13.22045,2.411712,5.1
1,23.03124,13.45216,2.835132,4.9
1,23.13325,13.83465,3.160452,5.4
1,23.23601,14.32911,3.387672,5.3
1,23.33654,14.82912,3.516792,5
1,23.43748,15.256,3.547812,3.4
1,23.53927,15.53294,3.480732,2.2
1,23.64018,15.84325,3.270745,4
1,23.74159,16.2674,2.987845,5.8
1,23.84787,16.65862,2.935648,3.7
1,23.94959,16.95814,2.936713,3.3
1,24.05138,17.35957,2.936826,4.9
1,24.15153,17.70861,2.936839,0.3
1,24.25387,17.60907,2.93684,1.9
1,24.35514,17.35841,2.93684,3.4
1,24.4567,16.95821,2.93684,4.9
1,24.55789,16.4685,2.93684,5
1,24.65925,15.97828,2.93684,5
1,24.76228,15.39,2.93684,4.9
1,24.86348,14.89977,2.93684,4.9
1,24.96411,14.40954,2.93684,5
1,25.06729,13.9193,2.93684,5
1,25.16924,13.45132,2.932916,4.2
1,25.27167,13.11126,2.854436,2.9
1,25.37228,12.90996,2.677856,3
1,25.47477,12.62623,2.403176,4.8
1,25.57791,12.30962,2.030396,4.7
1,25.67839,12.1093,1.559516,5.6
1,25.78035,11.79048,0.8649686,6.7
1,25.88212,11.66168,0.6092766,1.6
1,25.9823,11.43594,0.6115649,2.2
1,26.08442,11.2566,0.6118107,2.2
1,26.18509,10.95671,0.611837,3.6
1,26.28768,10.68234,0.6118398,2.9
1,26.38957,10.32315,0.6118401,4.4
1,26.49065,9.911947,0.6118401,3.5
1,26.59323,9.536077,0.6118401,4.6
1,26.69604,9.109711,0.6118401,3.6
1,26.79683,8.784332,0.6118401,3.8
1,26.89785,8.347769,0.6118401,4.7
1,26.99878,7.956882,0.6118401,3.1
1,27.09976,7.715242,0.6118401,1.6
1,1.075649,0.2973647,-0.5454679,3.1
1,1.178668,0.56926,-0.5454679,1.9
1,1.867792,0.7726901,-0.5454679,1.5
1,1.971307,0.9964728,-0.5454679,3.1
1,2.073348,1.369002,-0.5454679,4.6
1,2.175894,1.85378,-0.5454679,5
1,2.584963,2.262603,-0.5454679,3.3
1,2.688155,1.855508,-0.5454679,4.9
1,2.789223,1.365279,-0.5454679,5
1,2.891173,0.8750495,-0.5454679,5
1,2.99349,0.3848201,-0.5454679,5
1,3.298586,-1.113226,0.7225122,6
1,3.399471,-1.60892,0.9889724,5
1,3.502265,-2.055076,1.179233,3.2
1,4.142203,-2.412082,1.056924,5.3
1,4.245934,-2.655206,1.499964,5.1
1,4.346561,-3.047847,1.844904,5.5
1,4.446625,-3.544871,2.091744,5.4
1,4.549512,-4.04487,2.240484,5.1
1,4.65347,-4.54487,2.291125,5
1,4.755633,-5.044869,2.243665,5.1
1,4.857913,-5.544869,2.098105,5.3
1,4.960233,-6.144868,1.793941,5.8
1,5.06239,-6.604967,1.776671,4.9
1,5.165614,-7.095196,1.778607,5
1,5.26625,-7.585425,1.778815,5
1,5.367923,-8.075654,1.778837,5
1,5.468946,-8.552169,1.77884,4.4
1,5.874508,-8.371705,1.77884,4.3
1,5.975378,-7.897705,1.77884,5
1,6.077416,-7.407476,1.77884,5
1,6.17836,-6.917247,1.77884,5
1,6.28062,-6.328972,1.77884,4.9
1,6.381824,-5.838743,1.77884,4.9
1,6.485415,-5.348514,1.77884,5
1,6.58782,-4.858284,1.77884,5
1,6.690311,-4.368055,1.77884,5
1,6.792907,-3.871964,1.755296,5
1,6.894855,-3.398441,1.637576,4.3
1,7.35991,-2.778934,0.5200541,1.5
1,7.463346,-2.510085,0.5204995,3
1,7.563711,-2.124054,0.5205289,4.6
1,7.666532,-1.632417,0.5087594,5
1,7.768346,-1.132417,0.4106595,5.2
1,7.869937,-0.6324167,0.2144594,5.5
1,7.972228,-0.1823074,-0.0798405,5.6
1,8.177936,0.7559863,-0.5466377,5
1,8.280313,1.344261,-0.5455481,4.9
1,8.384228,1.821107,-0.5454764,4.4
1,8.68855,1.783754,-0.5454679,3.1
1,8.789784,1.387555,-0.1047079,7
1,8.996916,0.3898911,0.7225122,6
1,9.098978,-0.1101089,0.9889724,5.5
1,9.199784,-0.6101089,1.157333,5.2
1,9.304051,-1.210109,1.229873,5
1,9.405184,-1.710109,1.182413,5.1
1,9.505584,-2.210109,1.036853,5.3
1,9.608725,-2.695185,0.7931933,5.2
1,9.710443,-3.053218,0.4514336,4.7
1,10.01719,-2.871761,0.520518,3.2
1,10.11902,-2.491308,0.5205308,4.8
1,10.22143,-1.906752,0.5205323,4.9
1,10.32514,-1.408706,0.4812922,5.1
1,10.42549,-0.9087063,0.3439522,5.3
1,10.52845,-0.4087062,0.1085122,5.7
1,10.62933,0.09129375,-0.2250277,6.2
1,10.72941,0.5443945,-0.5499304,5
1,10.83087,1.034624,-0.545947,5
1,10.93257,1.524853,-0.5455192,5
1,11.03629,2.015082,-0.5454733,5
1,11.46157,3.804614,-0.5454679,6.1
1,14.00563,5.316693,-1.428368,5.2
1,15.57257,5.172008,-1.80416,1.5
1,15.67367,5.38786,-1.80416,3
1,16.6956,2.534197,-0.1848787,5.3
1,16.79785,2.036511,-0.4089185,5.3
1,16.8981,1.601267,-0.5502955,5
1,16.99835,1.111038,-0.5459861,5
1,17.10077,0.5227624,-0.5455034,4.9
1,17.81275,0.4972803,-0.5454679,5
1,27.60472,1.427917,-0.5454679,1.5
1,27.7071,1.650944,-0.5454679,3.1
1,27.8075,2.027768,-0.5454679,4.6
1,27.90907,2.512772,-0.5454679,5
1,28.31752,1.949396,-0.5454679,5
1,28.42408,1.361121,-0.5454679,4.9
1,28.5299,0.8708917,-0.5454679,5
1,28.63223,0.3806623,-0.5454679,5
1,29.03811,-1.611521,0.8408683,5.8
1,29.14066,-2.211521,1.10176,5.3
1,29.24235,-2.697079,1.211261,4.5
1,29.78849,-2.597332,0.8388746,5.6
1,29.89006,-2.829139,1.321155,5.4
1,29.99259,-3.214538,1.705335,5.8
1,30.09411,-3.708919,1.991415,5.6
1,30.19426,-4.208919,2.179395,5.2
1,30.29723,-4.708919,2.269275,5
1,30.39956,-5.208918,2.261056,5
1,30.50245,-5.808918,2.1217,5.3
1,30.60477,-6.308917,1.89766,5.7
1,30.70501,-6.772923,1.780576,5
1,30.8121,-7.263153,1.780576,5
1,31.4282,-7.30743,1.780576,5
1,31.53073,-6.817201,1.780576,5
1,31.63318,-6.326972,1.780576,5
1,31.73365,-5.836743,1.780576,5
1,31.83509,-5.346514,1.780576,5
1,31.93648,-4.856285,1.780576,5
1,32.03976,-4.366055,1.780576,5
1,32.14002,-3.769964,1.741336,5.1
1,32.2412,-3.312295,1.603997,4.4
1,32.73198,-2.752791,0.5202575,1.5
1,32.93785,-2.171637,0.5205292,4.6
1,33.03851,-1.688024,0.5166078,5
1,33.14031,-1.088023,0.4106598,5.2
1,33.24459,-0.5880233,0.2144598,5.5
1,33.34692,-0.08802333,-0.07984014,6
1,33.55065,0.859215,-0.5466376,5
1,33.65136,1.349444,-0.5455933,5
1,33.75259,1.839673,-0.5454813,5
1,33.85418,2.329903,-0.5454692,5
1,33.95826,2.820132,-0.5454679,5
1,34.06004,3.408407,-0.5454679,4.9
1,34.16071,3.898636,-0.5454679,4.9
1,34.26368,4.388865,-0.5454679,5
1,34.3657,4.879094,-0.5454679,5
1,34.46785,5.373231,-0.5572399,5
1,34.56927,5.873231,-0.65534,5.2
1,34.67291,6.37323,-0.8515399,5.5
1,34.7767,6.861932,-1.14584,5.5
1,34.87861,7.230069,-1.53824,5.2
1,45.3945,7.17291,-1.80416,3.2
1,45.69698,5.752838,-0.5361797,6.1
1,45.79958,5.232838,-0.2697195,5.7
1,45.89964,4.712837,-0.1013593,5.4
1,46.00159,4.088837,-0.02881908,5.2
1,46.10223,3.568836,-0.07627888,5.3
1,46.20576,3.048836,-0.2218387,5.5
1,46.30611,2.528835,-0.4654985,5.9
1,46.40712,2.046782,-0.5485575,5.2
1,46.50998,1.536553,-0.5457994,5.2
1,46.61186,1.026324,-0.5455034,5.2
1,46.71395,0.5160944,-0.5454715,5.2
1,51.67175,-0.07911733,-0.5454679,3.2
1,51.77454,0.3029048,-0.5454679,4.7
1,51.87467,0.806103,-0.5454679,5.2
1,51.97934,1.316332,-0.5454679,5.2
1,52.08076,1.928608,-0.5454679,5.1
1,52.18205,2.438837,-0.5454679,5.1
1,52.28451,2.949065,-0.5454679,5.2
1,52.38872,3.356348,-0.5454679,0.2
1,52.69904,2.603051,-0.5454679,5.1
1,52.80349,1.99238,-0.5454679,5.1
1,52.9099,1.482151,-0.5454679,5.2
1,53.01255,0.9719214,-0.5454679,5.2
1,53.11562,0.4616922,-0.5454679,5.2
1,53.21825,-0.04853712,-0.5454679,5.2
1,53.3184,-0.5587664,-0.5454679,5.2
1,53.7289,-0.09490843,-0.5454679,5.2
1,53.83127,0.4153209,-0.5454679,5.2
1,53.93288,0.92555,-0.5454679,5.2
1,54.03731,1.435779,-0.5454679,5.2
1,54.13921,1.946009,-0.5454679,5.2
1,54.24319,2.558284,-0.5454679,5.1
1,54.34386,3.068512,-0.5454679,5.1
1,54.54984,2.801565,-0.5454679,3
1,56.11776,-3.291576,0.5203987,3.3
1,56.21976,-3.672302,0.520518,4.8
1,56.32082,-4.245801,0.5205314,4.3
1,56.82963,-3.293067,0.8569883,5.6
1,56.93167,-3.499159,1.339268,5.3
1,57.03403,-3.864541,1.723448,5.6
1,57.13894,-4.367072,2.009529,5.8
1,57.2455,-4.991072,2.223333,5.4
1,57.34952,-5.511073,2.293593,5.2
1,57.45258,-6.031073,2.265753,5.2
1,57.55936,-6.551074,2.139813,5.5
1,57.66272,-7.175074,1.859194,5.9
1,57.76811,-7.657127,1.775777,5.1
1,58.18282,-7.019713,1.77884,5.1
1,58.28338,-6.509483,1.77884,5.1
1,58.38727,-5.999253,1.77884,5.2
1,58.49158,-5.489023,1.77884,5.2
1,58.5967,-4.978793,1.77884,5.2
1,58.69964,-4.468563,1.77884,5.2
1,58.80063,-3.850424,1.755296,5.2
1,58.90439,-3.330424,1.637576,5.4
1,59.00751,-2.810423,1.421756,5.8
1,59.51485,-0.2846803,-0.5465922,5.2
1,59.62637,0.3275949,-0.545545,5.1
1,59.72855,0.8378241,-0.545476,5.1
1,59.83393,1.348053,-0.5454686,5.2
1,59.9351,1.858283,-0.5454679,5.2
1,60.0389,2.368512,-0.5454679,5.2
1,60.14309,2.980787,-0.5454679,5.1
1,60.55361,2.064471,-0.5454679,5.2
1,60.65563,1.554242,-0.5454679,5.2
1,60.96254,-0.1058498,0.7225122,6.1
1,61.16861,-1.14585,1.157333,5.4
1,61.27463,-1.665849,1.227593,5.2
1,61.37582,-2.185849,1.199753,5.2
1,61.47756,-2.70284,1.073813,5.2
1,61.68564,-2.776608,0.4514336,4.4
1,61.89172,-2.032409,0.5203987,5.2
1,61.99475,-1.516317,0.4969336,5.2
1,62.1016,-0.8923172,0.3438976,5.5
1,62.21265,-0.3723173,0.1084576,5.9
1,62.41831,0.6207834,-0.5499448,5.2
1,62.52121,1.233059,-0.5457754,5.1
1,62.6221,1.743288,-0.5455008,5.1
1,62.72462,2.253517,-0.5454713,5.1
1,62.82606,2.763746,-0.5454681,5.2
1,63.23287,1.985615,-0.5454679,5.2
1,63.334,1.475385,-0.5454679,5.2
1,63.73818,-0.5948441,0.7836522,6
1,63.83964,-1.114844,1.030492,5.6
1,63.94025,-1.738844,1.197209,5.3
1,64.04388,-2.258844,1.228229,5.2
1,64.14975,-2.778844,1.161149,5.3
1,64.25572,-3.244376,0.9959692,4.4
1,81.32169,-2.46374,0.5205323,5
1,81.42297,-1.92592,0.5205323,5.4
1,81.52599,-1.377874,0.4812922,5.6
1,81.62765,-0.8278741,0.3439522,5.8
1,81.73207,-0.277874,0.1085122,6.1
1,81.93646,0.7752268,-0.5499304,5.5
1,82.03963,1.315456,-0.545947,5.5
1,82.14127,1.936533,-0.5455007,4.6
1,82.75314,1.617267,-0.5454679,5.5
1,82.85407,1.077038,-0.5454679,5.5
1,82.95458,0.5368084,-0.5454679,5.5
1,83.05527,0.02786904,-0.5454679,4.4
1,88.59806,2.991312,-0.5454679,4.4
1,88.70031,2.38606,-0.5454679,5.4
1,88.80123,1.845831,-0.5454679,5.4
1,88.90221,1.305602,-0.5454679,5.4
1,89.00449,0.7653723,-0.5454679,5.5
1,89.10504,0.225143,-0.5454679,5.5
1,89.20522,-0.3150863,-0.5454679,5.5
1,89.30606,-0.8553157,-0.5454679,5.5
1,89.71152,-0.218937,-0.5454679,5.5
1,89.8149,0.3212923,-0.5454679,5.5
1,89.91811,0.8615217,-0.5454679,5.5
1,90.01894,1.401751,-0.5454679,5.5
1,90.11906,1.94198,-0.5454679,5.5
1,90.2191,2.482209,-0.5454679,5.5
1,90.3208,3.130484,-0.5454679,5.4
1,90.42097,3.670713,-0.5454679,5.4
1,90.72696,3.00813,-0.5454679,4.7
1,90.82992,2.484995,-0.5454679,5.5
1,90.93211,1.944766,-0.5454679,5.5
1,91.33782,-0.2532797,0.9889724,6
1,91.4382,-0.7897701,1.157333,4.9
1,92.04935,-0.9056407,0.01157394,5.4
1,92.15024,-0.7402676,-0.5263857,5.8
1,93.1695,1.579731,-0.5454679,3.2
1,94.10186,2.50748,-0.5454679,1.5
1,95.38763,0.7966769,-0.5454679,5.5
1,95.48879,0.2564475,-0.5454679,5.5
1,95.58984,-0.2837818,-0.5454679,5.5
1,95.994,-0.1957821,-0.5454679,4.7
1,96.19881,0.6451936,-0.5454679,4.6
1,96.3004,1.262112,-0.5454679,5.4
1,96.4028,1.802341,-0.5454679,5.4
1,96.50478,2.34257,-0.5454679,5.5
1,96.90739,1.963804,-0.5454679,5.1
1,97.01015,1.429113,-0.5454679,5.5
1,97.11302,0.8888839,-0.5454679,5.5
1,97.214,0.3486546,-0.5454679,5.5
1,97.31601,-0.1915747,-0.5454679,5.5
1,97.8241,-0.1519632,-0.5454679,5.2
1,97.92628,0.3882661,-0.5454679,5.5
1,98.02923,0.9284955,-0.5454679,5.5
1,98.13116,1.468725,-0.5454679,5.5
1,98.63958,1.521941,-0.5454679,5.1
1,98.73974,0.9911094,-0.5454679,5.5
1,98.8428,0.3428342,-0.5454679,5.4
1,98.94532,-0.1973951,-0.5454679,5.5
1,99.34972,0.1489895,-0.5454679,5.1
1,99.45112,0.6848246,-0.5454679,5.5
1,99.55434,1.225054,-0.5454679,5.5
1,99.66124,1.873329,-0.5454679,5.4
1,99.77217,2.413558,-0.5454679,5.4
1,99.87345,2.467334,-0.5454679,1.5
1,99.9752,2.248792,-0.5454679,3.2
1,100.0756,1.867057,-0.5454679,4.8
1,100.1789,1.343556,-0.5454679,5.5
1,100.279,0.8033271,-0.5454679,5.5
1,100.3807,0.1550518,-0.5454679,5.4
1,100.4807,-0.3851775,-0.5454679,5.4
1,100.8902,-2.585177,1.030492,5.9
1,100.9926,-3.135177,1.179233,5.6
1,101.094,-3.678586,1.229873,5
1,101.3997,-3.513179,0.7931935,4.8
1,101.7033,-2.79888,0.9607825,5.4
1,101.8099,-3.022381,1.423443,5.2
1,101.9123,-3.411647,1.788003,5.7
1,102.0141,-3.943054,2.054463,6
1,102.1156,-4.493054,2.222823,5.6
1,102.2188,-5.043055,2.293083,5.5
1,102.3216,-5.703056,2.247904,5.6
1,102.4262,-6.253057,2.102344,5.8
1,102.628,-7.315111,1.775742,5.4
1,103.0328,-6.847764,1.77884,5.4
1,103.4396,-4.651841,3.267836,6
1,103.5414,-3.991841,3.481641,5.6
1,103.6417,-3.441841,3.551901,5.5
1,103.744,-2.891842,3.524061,5.5
1,103.8459,-2.341842,3.398121,5.7
1,103.9462,-1.791842,3.174081,6.1
1,111.2946,0.1050498,-0.5454679,5.2
1,111.3968,-0.4321104,-0.5454679,5.5
1,111.4981,-0.9723398,-0.5454679,5.5
1,111.5985,-1.512569,-0.5454679,5.5
1,111.804,-1.877626,-0.5454679,5.5
1,112.109,-1.306373,-0.5454679,4.4
1,112.212,-0.8004646,-0.5454679,5.5
1,112.3143,-0.2602352,-0.5454679,5.5
1,112.417,0.2799941,-0.5454679,5.5
1,112.5199,0.8202235,-0.5454679,5.5
1,112.623,1.468498,-0.5454679,5.4
1,112.7247,2.008728,-0.5454679,5.5
1,113.335,2.408394,-0.5454679,4.4
1,113.436,1.905106,-0.5454679,5.5
1,113.5364,1.364877,-0.5454679,5.5
1,113.6369,0.8246478,-0.5454679,5.5
1,113.7385,0.2844184,-0.5454679,5.5
1,113.8414,-0.3627136,-0.5454679,5.3
1,114.2517,0.216355,-0.5454679,5.4
1,114.3542,0.7565843,-0.5454679,5.5
1,114.4556,1.296814,-0.5454679,5.5
1,114.559,1.837043,-0.5454679,5.5
1,114.6613,2.485318,-0.5454679,5.4
1,114.7614,3.025547,-0.5454679,5.4
1,114.8642,3.565776,-0.5454679,5.5
1,114.9672,4.106005,-0.5454679,5.5
1,115.0687,4.646235,-0.5454679,5.4
1,115.373,4.297169,-0.5454679,4.4
1,115.473,3.797027,-0.5454679,5.5
1,115.5742,3.256798,-0.5454679,5.5
1,115.6777,2.716569,-0.5454679,5.5
1,115.7814,2.068294,-0.5454679,5.4
1,115.8844,1.528065,-0.5454679,5.4
1,115.9855,1.00782,-0.5454679,4.8
1,116.0856,0.634092,-0.5454679,3.1
1,135.4495,0.7031469,-0.5454679,3.3
1,135.5514,1.111589,-0.5454679,5
1,135.6535,1.645944,-0.5454679,5.5
1,135.7537,2.186173,-0.5454679,5.5
1,136.2574,4.928356,1.068088,5.8
1,136.3582,5.478356,1.197209,5.6
1,136.4591,6.028357,1.228229,5.5
1,136.5592,6.578358,1.161149,5.6
1,136.6595,7.128358,0.9959692,5.9
1,136.8631,8.296503,0.6105591,5.4
1,136.9638,8.836731,0.6117026,5.4
1,137.0638,9.372413,0.6118254,5.2
1,137.8779,7.585402,1.998176,6.2
1,137.9828,6.925401,2.259069,5.8
1,138.0846,6.3754,2.368569,5.5
1,138.187,5.825399,2.379969,5.5
1,138.2898,5.275399,2.293269,5.6
1,138.3915,4.725398,2.108469,5.9
1,138.9995,1.506337,-0.548158,5.5
1,139.1014,0.8580624,-0.5456526,5.4
1,139.2032,0.317833,-0.5454876,5.4
1,139.6113,0.3468553,-0.5454679,4.5
1,139.7118,0.8565816,-0.5454679,5.5
1,139.8134,1.396811,-0.5454679,5.5
1,139.9156,1.93704,-0.5454679,5.5
1,140.0168,2.477269,-0.5454679,5.5
1,140.1192,3.017498,-0.5454679,5.5
1,140.2213,3.665773,-0.5454679,5.4
1,140.3244,4.206002,-0.5454679,5.4
1,140.4267,4.746233,-0.5454679,5.4
1,140.5339,5.288417,-0.5493919,5.5
1,140.6399,5.838418,-0.6278719,5.6
1,140.7406,6.464494,-0.8515399,5.2
1,140.8428,6.823389,-1.14584,4.5
1,140.9448,6.900248,-1.53824,4.4
1,141.25,5.96175,-1.804192,5.5
1,142.0647,6.529743,-1.804185,4.9
1,142.1676,6.459437,-1.467714,5.6
1,142.2688,6.223737,-0.985434,5.4
1,142.3698,5.82085,-0.6012539,5.9
1,142.4703,5.28255,-0.3151738,6
1,142.5724,4.73255,-0.1271936,5.7
1,142.6772,4.182549,-0.03731341,5.5
1,142.7773,3.632549,-0.04553321,5.5
1,142.8818,2.97255,-0.184889,5.7
1,142.9877,2.530025,-0.4089288,4.6
